CHR	SNP	BP	A1	TEST	NMISS	BETA	STAT	P
1	rs1883431	175079519	4	ADD	447	0.05715	1.043	0.2977
1	rs2235301	175194549	1	ADD	454	0.03321	0.4702	0.6385
1	rs6660559	175568503	4	ADD	453	0.01849	0.3234	0.7465
1	rs3922650	176033317	2	ADD	454	-0.08161	-1.464	0.1438
1	rs4339825	176058327	2	ADD	453	-0.06983	-1.04	0.2988
1	rs11586243	176065460	2	ADD	450	-0.1345	-1.839	0.06664
1	rs10753172	176065696	1	ADD	440	-0.08567	-1.323	0.1866
1	rs2902200	176073461	3	ADD	454	-0.1285	-1.765	0.07829
1	rs12043001	176073958	2	ADD	452	0.05432	0.6131	0.5401
1	rs10798574	176076250	4	ADD	444	-0.1052	-1.623	0.1052
1	rs10913446	176076484	2	ADD	452	-0.09388	-1.477	0.1404
1	rs12143390	176077929	3	ADD	449	0.02737	0.3004	0.764
1	rsa	176078122	2	ADD	453	0.04215	0.48	0.6315
1	rs3886720	176078640	1	ADD	445	0.008829	0.09731	0.9225
1	rs12757638	176082392	1	ADD	452	-0.1229	-1.689	0.09185
1	rs1359939	176087484	1	ADD	451	-0.04945	-0.7966	0.4261
1	rs3131313	176087989	4	ADD	434	-0.07479	-1.097	0.2734
1	rs943764	176108785	1	ADD	452	0.08756	1.547	0.1225
1	rs10913454	176119412	2	ADD	452	-0.03005	-0.5287	0.5973
1	rs10798577	176119843	2	ADD	452	-0.03008	-0.5305	0.596
1	rs10798578	176123548	2	ADD	450	-0.02672	-0.4668	0.6409
1	rs685233	176136564	3	ADD	428	-0.03329	-0.5232	0.6011
1	rs12047388	176138646	3	ADD	454	0.06261	0.6492	0.5166
1	rs527248	176142137	3	ADD	412	-0.05217	-0.6634	0.5075
1	rs2039403	176148795	2	ADD	454	0.0533	0.5598	0.5759
1	rs2282287	176158949	2	ADD	453	0.02823	0.2991	0.765
1	rs623479	176165422	2	ADD	440	-0.02884	-0.5213	0.6024
1	rs626976	176166185	2	ADD	449	-0.04116	-0.7431	0.4578
1	rs3813648	176169105	1	ADD	444	0.07977	1.278	0.2018
1	rs10489882	176171118	2	ADD	413	0.1033	1.859	0.06377
1	rs10913465	176171594	2	ADD	449	0.05834	0.6214	0.5347
1	rs2902210	176171797	4	ADD	436	-0.04533	-0.8043	0.4216
1	rs4652279	176178830	1	ADD	449	0.04318	0.4837	0.6288
1	rs842192	176182097	1	ADD	452	-0.04394	-0.5459	0.5854
1	rs7413442	176196563	1	ADD	369	0.01564	0.1819	0.8558
1	rs1889981	176201673	1	ADD	440	-0.09263	-1.375	0.1698
1	rs954502	176201826	3	ADD	448	-0.06281	-1.126	0.2607
1	rs1415085	176201898	1	ADD	419	0.1441	2.162	0.03122
1	rs6425457	176204064	3	ADD	425	0.07275	1.323	0.1866
1	rs869286	176210435	2	ADD	454	-0.03809	-0.5356	0.5925
1	rs1953959	176215316	4	ADD	451	0.02024	0.1608	0.8723
1	rs1934650	176215337	3	ADD	453	-0.04326	-0.5052	0.6136
1	rs1556975	176216849	2	ADD	454	-0.03809	-0.5356	0.5925
1	rs10913483	176230194	1	ADD	454	-0.04559	-0.5286	0.5973
1	rs1336779	176234820	1	ADD	454	-0.02642	-0.3835	0.7015
1	rs16852325	176235862	3	ADD	445	-0.005126	-0.05954	0.9525
1	rs4652286	176235938	3	ADD	452	-0.03984	-0.7002	0.4841
1	rs4652287	176235989	3	ADD	454	-0.02984	-0.479	0.6322
1	rs12409266	176237621	4	ADD	445	-0.006381	-0.09751	0.9224
1	rs12409286	176237770	4	ADD	450	-0.02787	-0.4677	0.6403
1	rs10913494	176243690	3	ADD	437	-0.04954	-0.7841	0.4334
1	rs12078421	176244329	3	ADD	452	-0.1246	-0.6995	0.4846
1	rs1932847	176246431	4	ADD	452	-0.01694	-0.2945	0.7685
1	rs7531837	176246843	2	ADD	453	-0.02676	-0.4291	0.668
1	rs17360705	176255821	2	ADD	439	0.05989	0.876	0.3815
1	rs946819	176261095	1	ADD	444	0.01965	0.2331	0.8158
1	rs946817	176264332	3	ADD	454	0.02534	0.4363	0.6628
1	rs10494506	176266337	4	ADD	439	0.02944	0.4748	0.6352
1	rs16852381	176269629	1	ADD	434	0.02593	0.41	0.682
1	rs10753177	176275096	2	ADD	452	-0.1207	-1.273	0.2035
1	rs11803039	176287747	3	ADD	448	0.008902	0.1121	0.9108
1	rs7520853	176292917	2	ADD	450	-0.06116	-1.043	0.2976
1	rs16852397	176297224	3	ADD	453	-0.1906	-1.707	0.08849
1	rsb	176300758	2	ADD	445	-0.1828	-1.603	0.1097
1	rs16852409	176308395	3	ADD	451	0.0242	0.2806	0.7791
1	rs12071903	176362427	1	ADD	453	-0.04481	-0.6136	0.5398
1	rs12034657	176365977	4	ADD	453	0.02208	0.2443	0.8071
1	rs10047059	176408819	4	ADD	435	-0.08939	-1.204	0.2294
1	rs963607	176446880	3	ADD	447	-0.06499	-0.8701	0.3847
1	rs10798600	176447342	1	ADD	450	-0.04154	-0.6022	0.5474
1	rs7543822	176466360	1	ADD	389	-0.2635	-1.494	0.1359
1	rs10913522	176473251	3	ADD	454	-0.09997	-0.883	0.3777
1	rs10494512	176518303	2	ADD	440	-0.04215	-0.5994	0.5492
1	rs11805590	176575534	3	ADD	383	-0.05968	-0.4972	0.6193
1	rs12741848	176601564	2	ADD	453	0.03038	0.3365	0.7367
1	rs1510266	176613394	1	ADD	450	0.03041	0.3353	0.7375
1	rs3791025	176624530	2	ADD	452	0.008639	0.1022	0.9186
1	rs7418912	176640740	1	ADD	419	-0.05839	-1.011	0.3125
1	rs2902237	176655345	3	ADD	450	-0.05406	-0.9871	0.3241
1	rs12045201	176665841	2	ADD	439	0.04469	0.4997	0.6175
1	rs10913560	176719252	3	ADD	450	0.01306	0.1355	0.8923
1	rs12096233	176749505	2	ADD	453	-0.0171	-0.1969	0.844
1	rs10798610	176749607	4	ADD	449	0.003822	0.06844	0.9455
1	rs4387136	176755217	3	ADD	437	0.01748	0.3036	0.7616
1	rs12033565	176758589	4	ADD	432	-0.02184	-0.2389	0.8113
1	rs4457535	176763809	3	ADD	421	-0.02787	-0.4924	0.6227
1	rs6700266	176775553	1	ADD	424	0.07036	1.141	0.2545
1	rs10798618	176785747	2	ADD	436	0.01385	0.2277	0.82
1	rs17361286	176788539	3	ADD	453	-0.0425	-0.7692	0.4422
1	rs4650999	176798811	3	ADD	444	0.04154	0.754	0.4513
1	rs4651000	176798846	3	ADD	453	-0.03835	-0.6962	0.4867
1	rs2493864	176811626	2	ADD	447	-0.03575	-0.6384	0.5236
1	rs2811297	176818095	4	ADD	453	0.03155	0.5296	0.5966
1	rs2811302	176819498	4	ADD	424	0.01001	0.1591	0.8737
1	rs2492279	176820103	4	ADD	450	0.02204	0.3652	0.7151
1	rs2811271	176826782	4	ADD	447	-0.03923	-0.7087	0.4789
1	rs2811291	176840840	3	ADD	451	-0.04449	-0.8089	0.419
1	rs2761467	176850472	3	ADD	442	0.04134	0.5202	0.6032
1	rs6701323	176854904	3	ADD	440	-0.05051	-0.5414	0.5885
1	rs7545103	176855677	4	ADD	444	0.03179	0.4987	0.6182
1	rs2811304	176863417	4	ADD	454	0.04685	0.8528	0.3942
1	rs2209169	176868115	4	ADD	451	0.0319	0.5836	0.5598
1	rs16853133	176868860	2	ADD	454	-0.01652	-0.2443	0.8071
1	rs1122579	176881837	2	ADD	431	0.04311	0.6923	0.4891
1	rs2811314	176885806	3	ADD	453	-0.03041	-0.5521	0.5811
1	rs2476561	176886523	1	ADD	439	-0.0384	-0.6807	0.4964
1	rs2761476	176892122	1	ADD	446	-0.009789	-0.1446	0.8851
1	rs6690886	176892643	3	ADD	441	0.01655	0.2455	0.8062
1	rs10798624	176895634	4	ADD	427	-0.05009	-0.7067	0.4801
1	rs10913603	176912183	4	ADD	399	-0.05339	-0.4051	0.6856
1	rs12407833	176923661	1	ADD	449	0.06626	0.6623	0.5081
1	rs2773090	176924026	4	ADD	442	0.04976	0.7147	0.4752
1	rs2988259	176928072	2	ADD	446	-0.04249	-0.7266	0.4678
1	rs7522303	176928219	4	ADD	452	-0.009883	-0.1759	0.8605
1	rs2811261	176928763	1	ADD	451	0.05109	0.7432	0.4578
1	rs2773098	176935735	1	ADD	446	0.03899	0.5953	0.5519
1	rs2811276	176940536	2	ADD	444	-0.04455	-0.7782	0.4369
1	rs9286919	176940697	2	ADD	414	-0.02111	-0.3851	0.7004
1	rs7543277	176945817	2	ADD	420	0.1214	1.693	0.09121
1	rs10913617	176951621	1	ADD	447	0.09375	0.9738	0.3307
1	rs2811280	176952870	3	ADD	437	-0.01242	-0.2045	0.8381
1	rs10913618	176952922	4	ADD	451	0.04264	0.5099	0.6104
1	rs16853302	176952954	2	ADD	392	-0.1944	-0.8724	0.3835
1	rs10913619	176957989	2	ADD	437	-0.02897	-0.5324	0.5947
1	rs4652319	176976589	4	ADD	446	-0.02823	-0.47	0.6386
1	rs6662050	177012234	4	ADD	435	0.005628	0.04514	0.964
1	rs965558	177049248	3	ADD	454	0.09028	1.205	0.2287
1	rs12076230	177051615	3	ADD	451	-0.01668	-0.2978	0.766
1	rs3766637	177114846	3	ADD	411	0.008997	0.07301	0.9418
1	rs12035914	177128393	3	ADD	422	0.009532	0.1216	0.9033
1	rs7366	177157408	3	ADD	449	-0.02189	-0.3617	0.7178
1	rs2039532	177190048	1	ADD	442	0.009324	0.1633	0.8704
1	rs10913665	177212590	2	ADD	411	0.01863	0.3168	0.7515
1	rs10913672	177248039	3	ADD	449	-0.01366	-0.2281	0.8197
1	rs12567630	177253247	2	ADD	416	-0.08704	-1.447	0.1486
1	rs7544801	177272593	1	ADD	399	-0.01399	-0.2112	0.8328
1	rs12131503	177300852	1	ADD	446	-0.08116	-0.664	0.507
1	rs12083856	177304778	2	ADD	444	0.1681	0.903	0.367
1	rs2025580	177307163	1	ADD	422	0.261	2.344	0.01953
1	rs3820163	177307634	1	ADD	382	-0.02225	-0.3488	0.7274
1	rs3766623	177312584	4	ADD	415	0.0811	0.847	0.3975
1	rs3813639	177317101	2	ADD	439	-0.01461	-0.1757	0.8606
1	rs4652355	177319674	3	ADD	421	-0.05075	-0.8564	0.3922
1	rs1570807	177327731	1	ADD	441	-0.07933	-1.224	0.2216
1	rs10798652	177328050	2	ADD	447	0.04054	0.7164	0.4741
1	rs10913690	177333694	2	ADD	417	0.03876	0.6389	0.5232
1	rs3813643	177336957	2	ADD	391	0.06092	1.005	0.3156
1	rs6668200	177387903	1	ADD	443	0.1378	1.522	0.1286
1	rs2636277	177389348	4	ADD	447	-0.05837	-1.033	0.302
1	rs12134611	177436211	2	ADD	450	0.06776	0.7171	0.4737
1	rs2816169	177477299	1	ADD	426	-0.0749	-1.038	0.3
1	rs2050923	177478184	4	ADD	443	0.06262	1.12	0.2633
1	rs1078872	177490349	2	ADD	452	0.04424	0.7631	0.4458
1	rs425858	177501101	2	ADD	438	-0.01708	-0.2696	0.7876
1	rs9425843	177515389	3	ADD	395	0.009604	0.16	0.8729
1	rs2816177	177515575	3	ADD	437	0.06306	1.107	0.2687
1	rsc	177519163	1	ADD	435	0.1981	2.28	0.02308
1	rs4652362	177534946	1	ADD	400	-0.03912	-0.6186	0.5365
1	rs2250477	177541520	2	ADD	446	0.05554	0.8987	0.3693
1	rs17368880	177542818	1	ADD	445	0.009603	0.1766	0.8599
1	rs16853894	177546308	2	ADD	445	-0.02208	-0.3299	0.7417
1	rs1475798	177546646	4	ADD	440	0.003569	0.05668	0.9548
1	rs4652363	177550263	4	ADD	451	-0.03178	-0.5022	0.6158
1	rs2152318	177560134	4	ADD	450	0.04882	0.7883	0.431
1	rs12038140	177571147	1	ADD	440	-0.01489	-0.2224	0.8241
1	rs6666455	177606038	1	ADD	435	-0.02765	-0.4877	0.626
1	rs12757065	177610814	3	ADD	447	0.07275	1.232	0.2185
1	rs10913739	177614153	3	ADD	416	-0.01766	-0.2922	0.7703
1	rs4652367	177618960	4	ADD	445	0.08661	1.448	0.1484
1	rs12743373	177621545	1	ADD	450	0.07911	1.348	0.1782
1	rs11803938	177625072	1	ADD	437	-0.05118	-0.8648	0.3876
1	rs16854064	177629898	1	ADD	452	0.1809	2.181	0.02967
1	rs12726506	177634933	4	ADD	440	-0.05576	-0.9533	0.341
1	rs7524128	177636731	2	ADD	438	-0.03117	-0.5272	0.5983
1	rs10913753	177666883	3	ADD	396	-0.04108	-0.6815	0.496
1	rs7550638	177668149	3	ADD	451	-0.03337	-0.5198	0.6034
1	rs6683623	177674031	2	ADD	410	0.1294	1.891	0.05932
1	rs4130266	177682155	3	ADD	394	-0.07806	-1.266	0.2064
1	rs12740455	177693013	2	ADD	442	-0.009017	-0.0979	0.9221
1	rs10913776	177693465	1	ADD	449	0.008242	0.08891	0.9292
1	rs10494520	177718898	1	ADD	441	0.003705	0.04114	0.9672
1	rs10913797	177725271	1	ADD	438	0.06501	1.148	0.2517
1	rs6674086	177726177	4	ADD	446	-0.05341	-0.9426	0.3464
1	rs6674274	177726299	4	ADD	447	-0.05092	-0.9233	0.3563
1	rs7512551	177753221	3	ADD	423	-0.04223	-0.3364	0.7367
1	rs11805319	177763402	4	ADD	442	-0.007914	-0.07305	0.9418
1	rs964982	177763596	1	ADD	441	0.03721	0.3381	0.7354
1	rs964983	177763642	2	ADD	421	-0.04199	-0.7159	0.4744
1	rs964984	177763687	3	ADD	379	-0.05361	-0.9214	0.3574
1	rs10494515	177783763	4	ADD	451	0.05712	0.9586	0.3383
1	rs928016	177783989	1	ADD	446	0.01605	0.1328	0.8944
1	rs11577538	177784337	4	ADD	440	-0.08012	-1.256	0.2098
1	rs1410588	177784483	2	ADD	411	-0.0928	-1.546	0.1229
1	rs1887816	177814890	4	ADD	401	0.0706	1.117	0.2648
1	rs1887814	177818275	3	ADD	390	0.04419	0.7322	0.4645
1	rs3930537	177820347	3	ADD	452	0.05522	0.8874	0.3753
1	rs4652420	177828766	3	ADD	399	0.01814	0.291	0.7712
1	rs10753200	177830767	3	ADD	452	0.03972	0.6563	0.5119
1	rs6663420	177832919	2	ADD	428	0.01973	0.3014	0.7633
1	rs10913837	177857689	3	ADD	449	0.1213	0.6787	0.4977
1	rs10913839	177859789	1	ADD	453	0.01399	0.1542	0.8775
1	rs4233182	177868726	4	ADD	443	-0.02092	-0.3831	0.7018
1	rs4652430	177879570	1	ADD	434	0.01171	0.1767	0.8598
1	rs4408116	177888704	3	ADD	410	-0.01099	-0.1963	0.8445
1	rs6692069	177895055	1	ADD	438	-0.02981	-0.5276	0.598
1	rs4652432	177902531	1	ADD	432	-0.01922	-0.3322	0.7399
1	rs10798707	177905434	3	ADD	449	0.1683	1.021	0.308
1	rs4651045	177905461	1	ADD	404	-0.08107	-1.358	0.1753
1	rs10913863	177918599	3	ADD	451	-0.02324	-0.4129	0.6799
1	rs4652438	177919484	3	ADD	446	-0.02563	-0.4562	0.6485
1	rs16854559	177945234	3	ADD	442	0.0705	1.09	0.2764
1	rs4652445	177945266	2	ADD	411	-0.05445	-0.9709	0.3322
1	rs6685904	177947819	1	ADD	369	-0.03406	-0.465	0.6422
1	rs10913870	177954269	4	ADD	445	0.04244	0.6643	0.5069
1	rs10913871	177954329	3	ADD	446	0.0112	0.1778	0.859
1	rs10913872	177954457	2	ADD	450	0.01612	0.2527	0.8006
1	rs2504059	177957223	2	ADD	435	0.03592	0.5985	0.5499
1	rs3843266	177957508	1	ADD	453	0.02254	0.3545	0.7231
1	rs10798715	177968315	2	ADD	434	-0.05566	-0.32	0.7491
1	rs2504034	177973730	4	ADD	435	0.02867	0.4601	0.6457
1	rs10913878	177991215	2	ADD	447	0.01999	0.3105	0.7564
1	rs10798718	177991282	2	ADD	435	0.03597	0.5566	0.5781
1	rs17279065	177999816	3	ADD	451	0.03657	0.6555	0.5125
1	rs16854685	178000367	3	ADD	447	0.04631	0.5608	0.5752
1	rs3893369	178001427	1	ADD	447	0.02856	0.3492	0.7271
1	rs6425592	178005349	2	ADD	453	0.05269	0.6445	0.5196
1	rs17370180	178009442	2	ADD	425	0.04336	0.4807	0.631
1	rs4448483	178014847	2	ADD	446	0.003253	0.06048	0.9518
1	rs4448484	178015137	4	ADD	449	0.04995	0.9063	0.3653
1	rs7531276	178018560	2	ADD	449	-0.03473	-0.5545	0.5795
1	rs3845385	178024667	3	ADD	446	0.05945	1.117	0.2645
1	rs12120743	178028224	3	ADD	446	-0.03587	-0.5823	0.5606
1	rs3845386	178029672	3	ADD	449	0.005143	0.09085	0.9277
1	rs17370290	178032795	3	ADD	436	0.009478	0.1471	0.8832
1	rs1148825	178040788	2	ADD	432	0.02298	0.3981	0.6907
1	rs1148824	178044605	4	ADD	427	0.005054	0.08776	0.9301
1	rs10913893	178057141	1	ADD	408	-0.02161	-0.3097	0.7569
1	rs1148819	178069001	4	ADD	409	-0.005015	-0.05282	0.9579
1	rs17279483	178088067	2	ADD	431	-0.05974	-0.7764	0.438
1	rs1281415	178094004	2	ADD	442	-0.3277	-2.329	0.0203
1	rs1048418	178097871	1	ADD	429	0.1374	1.804	0.0719
1	rs566770	178122212	3	ADD	444	-0.05759	-0.5941	0.5527
1	rs17279663	178128573	4	ADD	449	-0.2481	-1.949	0.05195
1	rs12062383	178147627	1	ADD	447	0.01669	0.2925	0.7701
1	rs6689160	178158188	3	ADD	448	-0.1927	-1.413	0.1583
1	rs1298479	178158748	4	ADD	441	0.004178	0.07356	0.9414
1	rs474258	178162387	1	ADD	447	-0.002679	-0.04724	0.9623
1	rs475233	178162484	4	ADD	380	0.01236	0.2093	0.8343
1	rs598098	178166735	3	ADD	426	-0.025	-0.3195	0.7495
1	rs539181	178166822	2	ADD	414	-0.06351	-0.8028	0.4226
1	rs504202	178177529	3	ADD	451	0.05768	0.9957	0.3199
1	rs17371159	178238960	2	ADD	451	0.08827	1.142	0.2542
1	rs16855110	178252129	2	ADD	453	0.09869	1.357	0.1755
1	rs16855130	178261251	2	ADD	448	0.1121	1.519	0.1294
1	rs9286932	178278345	1	ADD	426	0.091	1.633	0.1033
1	rs6425603	178284877	4	ADD	454	0.08585	1.538	0.1246
1	rs9425854	178288966	4	ADD	452	0.08595	1.55	0.1219
1	rs10913927	178305760	2	ADD	449	0.09696	1.742	0.08227
1	rs4651055	178318640	1	ADD	414	0.07083	1.037	0.3003
1	rs4652470	178368707	4	ADD	436	0.08578	1.496	0.1354
1	rs4336810	178370474	1	ADD	444	0.1051	1.871	0.06195
1	rs9425868	178376700	1	ADD	412	0.09766	1.722	0.08576
1	rs6685965	178376715	4	ADD	438	-0.002093	-0.02712	0.9784
1	rs10753206	178379819	1	ADD	446	0.1006	1.809	0.07117
1	rs7528811	178380593	3	ADD	430	0.05811	0.9796	0.3278
1	rs3842829	178394371	2	ADD	421	0.005535	0.08386	0.9332
1	rs3767183	178409687	4	ADD	434	0.008628	0.1045	0.9168
1	rs16855395	178417342	3	ADD	431	0.05623	0.711	0.4774
1	rs7544147	178434267	2	ADD	450	0.02139	0.1911	0.8485
1	rs355623	178461066	1	ADD	405	0.01136	0.1423	0.8869
1	rs355621	178461295	2	ADD	449	0.04251	0.5783	0.5633
1	rs7525475	178473437	3	ADD	442	0.06328	0.4243	0.6716
1	rs7527274	178477414	2	ADD	444	-0.006739	-0.08552	0.9319
1	rs704336	178496704	3	ADD	444	-0.0106	-0.1144	0.9089
1	rs7520941	178499373	3	ADD	453	-0.03376	-0.4592	0.6463
1	rs2794961	178502858	3	ADD	409	0.05085	0.8093	0.4188
1	rs7543669	178509282	4	ADD	421	0.007266	0.09389	0.9252
1	rs7536561	178510147	3	ADD	421	0.007404	0.1284	0.8979
1	rs2764453	178515930	2	ADD	449	-0.1368	-1.144	0.2531
1	rs716760	178516783	4	ADD	453	-0.01555	-0.2792	0.7802
1	rs2254465	178524315	1	ADD	453	-0.1587	-1.377	0.1693
1	rs17300340	178588341	4	ADD	452	0.1573	2.347	0.01937
1	rs4651063	178593135	4	ADD	445	-0.1204	-0.9652	0.335
1	rs12691484	178611415	2	ADD	435	-0.1869	-2.101	0.03625
1	rs10913985	178643962	1	ADD	440	0.02377	0.4153	0.6781
1	rs6425632	178646315	2	ADD	452	-0.1712	-1.529	0.127
1	rs10737342	178669291	2	ADD	453	-0.1744	-1.948	0.05202
1	rs6680368	178679747	1	ADD	361	-0.09455	-0.5701	0.569
1	rs17300579	178680165	2	ADD	450	0.1651	2.459	0.01431
1	rs6663823	178705518	4	ADD	452	-0.1629	-1.467	0.1431
1	rs6673113	178707664	3	ADD	441	-0.1484	-1.289	0.198
1	rs12039933	178708470	3	ADD	448	-0.1571	-1.149	0.2513
1	rs10798769	178708667	3	ADD	451	0.01262	0.224	0.8229
1	rs12089373	178721930	2	ADD	451	-0.159	-1.405	0.1608
1	rs1538620	178756360	3	ADD	443	-0.2043	-2.813	0.005135
1	rs10914018	178757723	3	ADD	444	0.01102	0.1964	0.8444
1	rs7515052	178757961	4	ADD	454	-0.1163	-0.9709	0.3321
1	rs946634	178759100	3	ADD	405	-0.1383	-0.9409	0.3473
1	rs946635	178759927	1	ADD	454	-0.1083	-0.918	0.3591
1	rs4651066	178760251	2	ADD	450	-0.113	-0.9242	0.3559
1	rs2331739	178762293	4	ADD	399	-0.2907	-1.944	0.05259
1	rs6697232	178781913	4	ADD	450	0.1441	2.213	0.0274
1	rs7513944	178790400	4	ADD	437	0.04856	0.7625	0.4462
1	rs7546119	178792841	2	ADD	446	0.05411	0.8834	0.3775
1	rs12562357	178801030	2	ADD	454	-0.03098	-0.3198	0.7492
1	rs17373022	178804323	2	ADD	450	-0.01639	-0.1727	0.8629
1	rs10914042	178807567	4	ADD	446	-0.02983	-0.555	0.5792
1	rs7527034	178808118	4	ADD	439	-0.03248	-0.6041	0.5461
1	rs10914046	178813173	1	ADD	445	-0.05519	-1.04	0.2988
1	rs4652519	178815787	1	ADD	376	0.03968	0.6376	0.5241
1	rs4111063	178829362	4	ADD	454	0.08201	1.252	0.2114
1	rs2331546	178837857	2	ADD	448	-0.0476	-0.6423	0.521
1	rs6679173	178839805	3	ADD	451	-0.01198	-0.1077	0.9143
1	rs4652522	178853052	1	ADD	447	-0.09311	-1.266	0.2061
1	rs12403445	178854183	4	ADD	449	-0.004511	-0.05302	0.9577
1	rs16856306	178854367	3	ADD	452	-0.01008	-0.09658	0.9231
1	rs4652523	178854986	3	ADD	453	-0.03585	-0.6561	0.5121
1	rs3908502	178857860	4	ADD	444	-0.06057	-0.8298	0.4071
1	rs3842895	178862819	3	ADD	438	-0.04187	-0.768	0.4429
1	rs10914076	178943270	3	ADD	383	-0.04713	-0.8021	0.423
1	rs10494532	178957043	4	ADD	445	-0.06987	-1.236	0.2173
1	rs12408176	178959438	4	ADD	427	0.06567	0.9501	0.3426
1	rs7548318	178971588	3	ADD	449	-0.06581	-0.9894	0.323
1	rs17373584	178971830	1	ADD	445	-0.07311	-1.296	0.1957
1	rs6700926	178988976	3	ADD	441	0.01152	0.2059	0.837
1	rs2331886	178999746	4	ADD	450	-0.04316	-0.6556	0.5124
1	rs16856420	179003051	1	ADD	453	0.04756	0.3063	0.7595
1	rs7556592	179020106	3	ADD	450	0.001008	0.01808	0.9856
1	rs7544774	179024251	2	ADD	454	-0.06552	-1.17	0.2425
1	rs12142163	179052423	1	ADD	447	-0.07111	-1.27	0.2049
1	rs17301762	179061276	3	ADD	447	0.2431	2.368	0.01829
1	rs16856475	179117343	2	ADD	441	-0.3553	-1.878	0.0611
1	rs17302040	179123321	2	ADD	447	0.217	2.166	0.03085
1	rs17302102	179132968	4	ADD	454	0.2404	2.405	0.01656
1	rs10753229	179186849	4	ADD	360	-0.2334	-3.256	0.001239
1	rs7549545	179205681	2	ADD	450	0.1832	2.83	0.004862
1	rs6665134	179216251	2	ADD	411	0.2651	4.685	3.82E-06
1	rs12744212	179219139	2	ADD	449	0.2634	4.855	1.67E-06
1	rs7556005	179222818	4	ADD	448	0.1996	3.325	0.0009563
1	rs6425658	179223608	3	ADD	445	0.2707	4.913	1.27E-06
1	rs12754041	179224585	4	ADD	442	0.2788	5.108	4.87E-07
1	rs3827708	179238986	3	ADD	449	0.1722	2.921	0.003661
1	rs4545301	179243514	3	ADD	431	-0.3057	-5.479	7.32E-08
1	rs10910849	179247066	1	ADD	412	-0.2818	-5.021	7.71E-07
1	rs7546157	179249680	4	ADD	450	0.1716	2.886	0.004089
1	rs10797664	179255259	4	ADD	444	-0.2879	-5.086	5.43E-07
1	rs10159067	179265974	2	ADD	446	0.1358	2.523	0.01198
1	rs10797667	179295356	4	ADD	432	0.05761	1.006	0.315
1	rs17302583	179296334	1	ADD	450	0.1138	0.8415	0.4005
1	rs7540790	179298484	4	ADD	450	-0.1712	-0.7541	0.4512
1	rs10910855	179298928	1	ADD	448	-0.1173	-0.5364	0.5919
1	rs12144382	179305662	1	ADD	454	-0.008681	-0.1404	0.8884
1	rs17302632	179306151	4	ADD	451	0.04931	0.4231	0.6724
1	rs2332059	179306251	1	ADD	454	0.06774	1.196	0.2323
1	rs12406001	179306339	4	ADD	435	-0.02295	-0.3642	0.7159
1	rs9787100	179310895	3	ADD	452	-0.01293	-0.2102	0.8336
1	rs2332058	179313534	4	ADD	425	0.07309	1.23	0.2192
1	rs12119710	179316022	1	ADD	421	0.09861	0.6503	0.5158
1	rs6700566	179362175	2	ADD	432	0.01064	0.1779	0.8589
1	rs4652565	179375631	2	ADD	453	-0.007993	-0.1352	0.8925
1	rs881964	179376101	2	ADD	451	0.02161	0.3019	0.7629
1	rs3856075	179376720	4	ADD	454	-0.0009741	-0.01657	0.9868
1	rs12238995	179380064	2	ADD	454	-0.1344	-0.9198	0.3581
1	rs12127075	179394525	1	ADD	454	-0.06995	-1.016	0.31
1	rs10797677	179413437	3	ADD	453	0.05273	0.9066	0.3651
1	rs946644	179420498	1	ADD	451	0.01836	0.3007	0.7638
1	rs946646	179421458	3	ADD	434	0.0342	0.5491	0.5833
1	rs10910893	179427578	4	ADD	423	0.05193	0.7164	0.4742
1	rs9286840	179438496	3	ADD	453	-0.1484	-1.16	0.2467
1	rs6675445	179440200	4	ADD	443	-0.2298	-1.434	0.1523
1	rs10797686	179444278	2	ADD	446	-0.185	-1.4	0.1622
1	rs4652591	179444477	2	ADD	424	-0.1518	-1.193	0.2335
1	rs4651093	179446859	3	ADD	410	-0.3048	-1.558	0.1201
1	rs10218833	179447131	3	ADD	439	0.111	1.208	0.2277
1	rs10752841	179448676	2	ADD	440	0.08386	1.115	0.2655
1	rs4652597	179449610	2	ADD	418	0.02602	0.3764	0.7068
1	rs10797691	179451424	2	ADD	438	0.08062	1.192	0.2339
1	rs1538626	179451494	2	ADD	428	0.0565	0.8289	0.4076
1	rs2153329	179451932	2	ADD	426	0.03262	0.4826	0.6296
1	rs6425678	179452484	3	ADD	443	0.07699	1.038	0.2996
1	rs10910895	179453720	3	ADD	453	0.0448	0.6707	0.5028
1	rs11580137	179453741	1	ADD	451	0.05533	0.8301	0.4069
1	rs10797694	179454054	2	ADD	443	0.05886	0.8757	0.3817
1	rs7538181	179454120	1	ADD	449	0.06306	0.9438	0.3458
1	rs7538276	179454253	1	ADD	451	0.06603	0.9866	0.3244
1	rs7548527	179454353	3	ADD	450	0.05982	0.8913	0.3732
1	rs4652605	179454740	1	ADD	431	0.05919	0.792	0.4288
1	rs946647	179455606	2	ADD	453	0.05795	0.7979	0.4253
1	rs10737224	179466676	2	ADD	447	0.04288	0.5723	0.5674
1	rs10752849	179468442	3	ADD	451	0.04814	0.7488	0.4544
1	rs2125499	179489551	3	ADD	392	-0.03795	-0.3723	0.7099
1	rs17375519	179499648	4	ADD	453	-0.03131	-0.3286	0.7426
1	rs1458846	179501063	1	ADD	450	0.005852	0.08044	0.9359
1	rs2609495	179518237	4	ADD	454	0.01268	0.2015	0.8404
1	rs7415295	179519737	4	ADD	442	0.03966	0.545	0.5861
1	rs2248435	179526299	2	ADD	431	0.01197	0.2114	0.8327
1	rs4048562	179528335	3	ADD	446	0.01016	0.183	0.8549
1	rs3845427	179529061	4	ADD	445	0.01666	0.2978	0.766
1	rs2804682	179529882	2	ADD	441	0.03265	0.5787	0.5631
1	rs10910919	179538961	4	ADD	426	-0.01155	-0.2028	0.8394
1	rsd	179555467	1	ADD	437	-0.03822	-0.3893	0.6973
1	rs2609480	179555615	1	ADD	420	0.08388	1.232	0.2187
1	rs2609483	179558489	1	ADD	439	0.06865	1.008	0.3142
1	rs2609485	179562126	1	ADD	444	-0.0002007	-0.003665	0.9971
1	rs7525299	179562735	1	ADD	454	0.002087	0.0387	0.9691
1	rs6670140	179568242	3	ADD	439	-0.01696	-0.3025	0.7624
1	rs16857133	179584313	2	ADD	393	-0.2318	-1.331	0.184
1	rs12408625	179595809	4	ADD	452	-0.06683	-1.074	0.2836
1	rs2609473	179602130	3	ADD	453	0.03531	0.643	0.5206
1	rs6424807	179606887	2	ADD	444	-0.02374	-0.4099	0.6821
1	rs2262497	179607411	1	ADD	443	0.1495	0.8024	0.4228
1	rs2262498	179607638	3	ADD	435	-0.08652	-0.8981	0.3696
1	rs1220293	179624747	1	ADD	444	0.01617	0.08265	0.9342
1	rs16857239	179644152	2	ADD	445	-0.1482	-1.528	0.1271
1	rs16857248	179644659	1	ADD	444	0.08106	0.5608	0.5752
1	rs16857261	179646135	4	ADD	427	-0.1749	-1.591	0.1123
1	rs596424	179647865	4	ADD	444	0.04191	0.2515	0.8015
1	rs637552	179652666	4	ADD	449	-0.005579	-0.02942	0.9765
1	rs10752856	179655715	2	ADD	387	-0.01712	-0.2472	0.8049
1	rs6696547	179659861	2	ADD	402	-0.03127	-0.5448	0.5862
1	rs3845431	179679110	1	ADD	454	-0.05508	-0.9701	0.3325
1	rs12566751	179684435	2	ADD	398	-0.02278	-0.3763	0.7069
1	rs6663020	179685477	2	ADD	418	-0.04487	-0.7456	0.4563
1	rs10752857	179688470	1	ADD	452	-0.03479	-0.5886	0.5564
1	rs10752858	179688503	3	ADD	454	-0.03477	-0.59	0.5555
1	rs3856086	179689058	3	ADD	454	-0.01607	-0.2878	0.7737
1	rs2877623	179693293	3	ADD	453	-0.01626	-0.2908	0.7713
1	rs2332267	179693533	4	ADD	454	-0.01714	-0.1789	0.8581
1	rs633125	179709637	2	ADD	396	-0.01667	-0.2869	0.7743
1	rs477956	179709803	4	ADD	447	0.008445	0.1064	0.9153
1	rs636145	179715460	2	ADD	445	-0.07785	-1.254	0.2105
1	rs633143	179716108	4	ADD	450	-0.09563	-1.235	0.2173
1	rs17494103	179723156	2	ADD	432	-0.1767	-0.8364	0.4034
1	rs486708	179726011	1	ADD	428	-0.09208	-1.457	0.1458
1	rs16857457	179740962	3	ADD	433	-0.02207	-0.2758	0.7828
1	rs17441683	179745206	1	ADD	452	-0.056	-0.7348	0.4628
1	rs17494681	179746806	4	ADD	451	-0.0315	-0.4162	0.6774
1	rs2485506	179749381	1	ADD	401	0.06375	1.084	0.2788
1	rs679931	179750687	1	ADD	446	-0.0229	-0.3898	0.6968
1	rs4126690	179751166	4	ADD	409	-0.002161	-0.03098	0.9753
1	rs594731	179761151	3	ADD	453	-0.04807	-0.605	0.5455
1	rs593413	179761447	1	ADD	451	-0.05055	-0.632	0.5277
1	rs16857512	179761458	3	ADD	449	-0.002574	-0.02402	0.9808
1	rs7554158	179767382	1	ADD	448	0.03511	0.411	0.6813
1	rs16857594	179774799	4	ADD	453	-0.01894	-0.1732	0.8626
1	rs6681017	179774949	4	ADD	448	-0.006848	-0.1028	0.9181
1	rs7512415	179775245	3	ADD	450	-0.01341	-0.2017	0.8403
1	rs10797726	179791462	1	ADD	453	0.01412	0.2637	0.7921
1	rs2152853	179791481	3	ADD	454	-0.08599	-1.019	0.3086
1	rs16857648	179792992	4	ADD	454	-0.09283	-1.075	0.2832
1	rs6685370	179793847	1	ADD	453	-0.134	-1.209	0.2271
1	rs10910960	179798955	3	ADD	444	0.04096	0.7393	0.4601
1	rs7534913	179804895	3	ADD	449	0.05917	1.053	0.2928
1	rs10797729	179806370	1	ADD	451	0.115	1.813	0.07055
1	rs3856091	179818238	4	ADD	451	0.0647	1.165	0.2446
1	rs6684423	179826990	3	ADD	451	-0.015	-0.1568	0.8755
1	rs16857762	179828892	4	ADD	389	-0.1459	-0.8152	0.4155
1	rs6424818	179830712	4	ADD	435	-0.06038	-0.6076	0.5438
1	rs10797733	179835393	2	ADD	453	0.006006	0.06259	0.9501
1	rs4651109	179836514	1	ADD	452	-0.0203	-0.2976	0.7662
1	rs6671159	179856829	3	ADD	419	-0.07506	-0.7534	0.4516
1	rs199950	179857481	2	ADD	450	-0.04245	-0.5879	0.5569
1	rs199940	179863063	3	ADD	434	0.03145	0.3948	0.6932
1	rs16857880	179872910	4	ADD	413	0.01618	0.2312	0.8173
1	rs175337	179877910	3	ADD	442	-0.006132	-0.08724	0.9305
1	rs6697452	179880402	3	ADD	445	-0.004706	-0.07022	0.9441
1	rs6675785	179880766	3	ADD	451	0.003852	0.05848	0.9534
1	rs17742601	179884724	3	ADD	453	0.1544	1.932	0.05403
1	rs199949	179892969	4	ADD	385	0.1086	1.513	0.1311
1	rs3753737	179911850	3	ADD	453	0.1063	1.795	0.07326
1	rs2877712	179924104	1	ADD	443	0.1923	2.575	0.01036
1	rs3845443	179929467	3	ADD	454	0.1959	2.647	0.0084
1	rs3766988	179933906	3	ADD	454	-0.02757	-0.3067	0.7592
1	rs6424819	179938269	3	ADD	452	0.202	2.745	0.006303
1	rs10489641	179942215	4	ADD	450	0.006386	0.07487	0.9403
1	rs16858021	179944256	1	ADD	453	-0.0003036	-0.003584	0.9971
1	rs3891463	179945041	3	ADD	453	0.0009159	0.01085	0.9913
1	rs3891462	179945135	1	ADD	443	0.007042	0.0821	0.9346
1	rs10797738	179950033	4	ADD	416	0.09729	1.747	0.08137
1	rs12562587	179975855	3	ADD	447	-0.06886	-0.854	0.3936
1	rs3767001	179978999	4	ADD	431	0.1878	2.183	0.0296
1	rs3753745	179979294	1	ADD	448	0.1508	1.935	0.0536
1	rs3843280	179980795	3	ADD	448	0.1497	2.491	0.01311
1	rs16858051	179980807	2	ADD	433	0.1053	1.29	0.1976
1	rs17693196	179983524	4	ADD	444	-0.04509	-0.5623	0.5742
1	rs3767007	179988579	4	ADD	454	0.05773	0.7241	0.4694
1	rs704331	179990832	1	ADD	429	0.1031	1.758	0.07945
1	rs697260	179996849	1	ADD	439	0.1144	1.374	0.1701
1	rs199932	180012203	1	ADD	450	-0.0204	-0.3215	0.748
1	rs546191	180019653	4	ADD	445	0.1135	1.8	0.07259
1	rs576602	180020682	2	ADD	425	-0.06336	-0.8964	0.3706
1	rs704326	180026280	1	ADD	452	-0.1534	-2.714	0.006895
1	rs16858150	180037160	2	ADD	424	0.08409	0.4503	0.6527
1	rs678643	180044370	3	ADD	446	0.1323	2.056	0.04039
1	rs3902279	180046092	1	ADD	446	0.259	1.501	0.134
1	rs591751	180046726	1	ADD	444	0.09895	1.581	0.1145
1	rs12130868	180054836	4	ADD	451	-0.1741	-2.959	0.00325
1	rs605863	180055269	3	ADD	445	0.05777	1.035	0.3011
1	rs659234	180075233	3	ADD	397	0.108	1.609	0.1084
1	rs585315	180076816	4	ADD	452	0.1223	1.997	0.04645
1	rs577528	180076863	3	ADD	447	0.1157	1.895	0.05869
1	rs7535666	180091633	3	ADD	451	0.118	1.972	0.04928
1	rs4651115	180091822	3	ADD	429	0.1252	2.094	0.03682
1	rs549210	180092160	1	ADD	451	0.01864	0.3225	0.7472
1	rse	180094148	3	ADD	452	0.1281	2.102	0.03613
1	rs9286844	180094186	3	ADD	450	0.1035	1.727	0.08495
1	rs630341	180094612	1	ADD	406	-0.001145	-0.01955	0.9844
1	rs10489642	180099184	3	ADD	450	-0.03754	-0.4595	0.6461
1	rs6666635	180108618	4	ADD	451	-0.01909	-0.2292	0.8188
1	rs6691114	180108672	2	ADD	453	-0.01207	-0.1502	0.8807
1	rs535607	180114637	1	ADD	431	0.06925	1.133	0.2578
1	rs7547252	180130614	1	ADD	453	-0.02809	-0.3329	0.7394
1	rsf	180136267	4	ADD	449	-0.054	-0.6264	0.5314
1	rsg	180136293	4	ADD	453	-0.03351	-0.3969	0.6916
1	rs12086274	180136339	4	ADD	447	-0.04224	-0.4919	0.623
1	rsh	180139161	2	ADD	451	-0.03827	-0.4483	0.6541
1	rs16858332	180146276	2	ADD	454	-0.04127	-0.4863	0.627
1	rs1281294	180164562	4	ADD	445	0.1386	2.017	0.04431
1	rs6424828	180173215	4	ADD	445	0.05054	0.7169	0.4738
1	rs1281296	180173334	2	ADD	444	0.05449	0.7231	0.47
1	rs2485925	180178383	2	ADD	419	-0.01383	-0.1358	0.892
1	rsi	180185631	1	ADD	452	-0.02773	-0.2564	0.7977
1	rs10911006	180221341	3	ADD	450	0.04458	0.4329	0.6653
1	rs1281316	180230809	2	ADD	423	0.1084	1.009	0.3135
1	rs2484153	180249159	2	ADD	442	0.04576	0.6001	0.5487
1	rs12564637	180252338	3	ADD	445	0.02888	0.2852	0.7756
1	rs12564285	180254448	2	ADD	427	-0.01766	-0.1661	0.8681
1	rs7534757	180261079	4	ADD	408	0.004888	0.046	0.9633
1	rs2490071	180263523	2	ADD	415	0.05988	0.5479	0.5841
1	rs10797754	180322120	3	ADD	448	0.043	0.7611	0.447
1	rs3856108	180322669	1	ADD	445	0.04622	0.8193	0.413
1	rs7545241	180330586	4	ADD	443	0.05758	1.034	0.3015
1	rs10911019	180331107	2	ADD	454	0.05024	0.8896	0.3741
1	rs3856111	180351599	3	ADD	402	-0.1933	-1.578	0.1154
1	rs12409614	180352064	1	ADD	453	0.06568	1.17	0.2426
1	rs2236540	180363649	1	ADD	447	0.0284	0.2142	0.8305
1	rs1281323	180368363	2	ADD	450	-0.1592	-2.629	0.008849
1	rs1281324	180368397	4	ADD	448	0.08124	1.433	0.1526
1	rs3738071	180371862	4	ADD	453	-0.1232	-0.6774	0.4985
1	rs4652689	180376554	1	ADD	451	0.1097	1.886	0.05999
1	rs10911024	180381192	1	ADD	444	-0.01035	-0.1746	0.8614
1	rs1281341	180382883	3	ADD	449	0.1399	0.7674	0.4432
1	rs12563913	180383453	2	ADD	441	-0.0184	-0.1113	0.9114
1	rs4121149	180385227	3	ADD	437	-0.0246	-0.4302	0.6673
1	rs6694102	180385955	1	ADD	453	-0.00441	-0.07244	0.9423
1	rs10911029	180397917	1	ADD	406	-0.006317	-0.1056	0.9159
1	rs1779826	180398163	3	ADD	433	0.1528	0.8327	0.4055
1	rs1689802	180429300	4	ADD	436	-0.0302	-0.5052	0.6137
1	rs1779824	180438056	4	ADD	452	0.0004407	0.007555	0.994
1	rs1779823	180438580	4	ADD	450	-0.006903	-0.1183	0.9059
1	rs10911031	180440334	1	ADD	434	-0.01107	-0.1285	0.8978
1	rs1779819	180445105	1	ADD	452	-0.03385	-0.5753	0.5654
1	rs4113814	180445470	2	ADD	447	-0.02035	-0.3535	0.7239
1	rs1857570	180448710	2	ADD	452	0.01447	0.258	0.7966
1	rs1419326	180449274	1	ADD	454	-0.03272	-0.5666	0.5713
1	rs10911032	180451983	2	ADD	450	0.02346	0.4149	0.6784
1	rs16858659	180465438	1	ADD	451	-0.006608	-0.1057	0.9159
1	rs10494545	180467282	4	ADD	454	0.004284	0.06838	0.9455
1	rs7419237	180470315	3	ADD	454	0.004284	0.06838	0.9455
1	rs10911042	180472038	2	ADD	454	0.02163	0.3799	0.7042
1	rs1018611	180491413	1	ADD	449	0.02741	0.3775	0.706
1	rs1936535	180492182	4	ADD	451	-0.02088	-0.3797	0.7043
1	rs11802583	180504381	3	ADD	442	0.05597	0.3696	0.7119
1	rs6688287	180512788	2	ADD	454	0.07518	0.9668	0.3341
1	rs12031309	180522571	3	ADD	454	-0.01333	-0.2354	0.814
1	rs12741962	180523145	3	ADD	453	-0.0157	-0.2777	0.7813
1	rs7543476	180524420	2	ADD	454	-0.005906	-0.1049	0.9165
1	rs10911047	180525496	1	ADD	453	-0.01059	-0.1879	0.851
1	rs6700576	180530619	1	ADD	422	0.001821	0.03142	0.9749
1	rs2985432	180536386	4	ADD	411	-0.01124	-0.1614	0.8718
1	rs12024291	180547222	4	ADD	424	0.1965	1.094	0.2745
1	rs10797766	180558168	1	ADD	435	0.04038	0.2377	0.8122
1	rs2985441	180571770	2	ADD	440	0.05895	0.6423	0.521
1	rs3001269	180571789	4	ADD	439	0.08471	0.9325	0.3516
1	rs2494454	180579006	2	ADD	450	0.1051	1.975	0.0489
1	rs10797768	180579099	3	ADD	454	0.1008	1.905	0.05738
1	rs2246475	180579380	2	ADD	451	0.08454	1.411	0.1588
1	rs6683541	180590603	2	ADD	442	-0.006997	-0.121	0.9037
1	rs10911065	180594442	2	ADD	419	-0.06628	-1.051	0.2938
1	rs4651121	180602781	4	ADD	451	0.00599	0.08025	0.9361
1	rs6684297	180614290	1	ADD	440	0.03489	0.6054	0.5452
1	rs11585457	180628548	1	ADD	350	0.0962	1.363	0.1739
1	rs7549329	180630042	3	ADD	401	0.05416	0.8913	0.3733
1	rs17509621	180632901	2	ADD	411	0.06269	0.6198	0.5357
1	rs6667958	180634266	1	ADD	414	0.006336	0.1072	0.9146
1	rs6698722	180635701	3	ADD	454	-0.06831	-1.014	0.3112
1	rs6674281	180635856	1	ADD	448	0.01611	0.2805	0.7792
1	rs7551829	180636361	3	ADD	412	-0.07113	-0.9455	0.345
1	rs1925829	180637397	1	ADD	418	-0.07569	-1.147	0.2518
1	rs17463552	180648458	1	ADD	421	0.137	2.072	0.03889
1	rs267875	180659242	1	ADD	442	0.1158	1.599	0.1105
1	rs6703122	180661762	1	ADD	435	0.01351	0.2223	0.8242
1	rs6692352	180664388	4	ADD	441	-0.01831	-0.3082	0.7581
1	rs6656676	180664536	1	ADD	448	-0.03076	-0.5237	0.6008
1	rs169154	180667319	1	ADD	446	0.06834	1.18	0.2388
1	rs6666926	180667357	3	ADD	453	-0.03773	-0.6366	0.5247
1	rs13375160	180670538	2	ADD	435	-0.09549	-1.136	0.2567
1	rs6667166	180670724	4	ADD	436	-0.05093	-0.8525	0.3944
1	rs497915	180673277	1	ADD	392	0.02661	0.2914	0.7709
1	rs267866	180687071	3	ADD	435	0.03799	0.4519	0.6516
1	rs266508	180696351	4	ADD	451	0.01592	0.2652	0.7909
1	rs2477875	180700610	2	ADD	452	0.2583	2.292	0.02238
1	rs2584820	180705709	3	ADD	451	0.2599	2.294	0.02224
1	rs10911082	180706156	4	ADD	454	0.06001	0.8827	0.3779
1	rs267902	180713641	1	ADD	452	0.2637	2.352	0.01912
1	rs16859058	180723046	1	ADD	452	-0.1993	-1.923	0.05517
1	rs10797777	180740652	2	ADD	436	0.1314	2.255	0.02464
1	rs474403	180741097	3	ADD	419	0.009758	0.1282	0.898
1	rs537914	180759303	1	ADD	398	-0.0259	-0.299	0.7651
1	rs4652728	180780816	1	ADD	433	0.08268	1.438	0.1513
1	rs185580	180786484	1	ADD	446	0.2695	2.448	0.01476
1	rs11581355	180795239	1	ADD	447	0.06688	0.9081	0.3643
1	rs1144568	180799171	3	ADD	449	0.2111	1.963	0.05031
1	rs17568993	180804117	4	ADD	451	0.09823	1.173	0.2413
1	rs17503555	180804222	2	ADD	453	0.09781	1.175	0.2406
1	rs627839	180808704	3	ADD	442	0.08966	1.663	0.09699
1	rs11807829	180811438	2	ADD	445	0.01568	0.2644	0.7916
1	rs533259	180815642	1	ADD	451	0.02239	0.2158	0.8293
1	rs579006	180815959	3	ADD	435	-0.05746	-0.9887	0.3234
1	rs12736689	180816352	2	ADD	453	0.1035	0.6374	0.5242
1	rs516134	180820316	2	ADD	449	0.2053	1.176	0.2403
1	rs12041623	180828256	2	ADD	423	-0.06963	-1.192	0.234
1	rs942436	180831897	1	ADD	435	-0.05811	-1.001	0.3172
1	rs503280	180832572	2	ADD	453	0.1043	1.852	0.06467
1	rs3795485	180834362	3	ADD	357	-0.0759	-1.231	0.2192
1	rs571556	180844284	1	ADD	434	0.01914	0.283	0.7773
1	rs511918	180846225	3	ADD	385	-0.03349	-0.5562	0.5784
1	rs1287820	180855954	3	ADD	388	-0.1832	-2.196	0.02866
1	rs1287901	180856050	1	ADD	435	-0.09794	-1.336	0.1824
1	rs528846	180858959	4	ADD	449	0.07351	0.8101	0.4183
1	rs1287809	180863441	4	ADD	453	-0.0418	-0.5974	0.5505
1	rs674012	180867980	2	ADD	439	-0.01761	-0.1483	0.8822
1	rs4652739	180882067	4	ADD	451	-0.07113	-0.5021	0.6158
1	rs1758780	180883448	3	ADD	440	-0.02785	-0.1961	0.8446
1	rs10489965	180889902	4	ADD	441	0.07206	1.096	0.2738
1	rs10489964	180889972	3	ADD	454	0.07565	1.162	0.2458
1	rs12409524	180891881	2	ADD	451	-0.05405	-0.3852	0.7003
1	rs4652742	180893478	2	ADD	410	0.05333	0.779	0.4364
1	rs6424866	180919187	3	ADD	438	0.03771	0.366	0.7146
1	rs12129643	180919286	1	ADD	450	0.04084	0.4041	0.6863
1	rsj	180931433	4	ADD	453	0.167	1.151	0.2505
1	rs633915	180948781	3	ADD	440	-0.06486	-1.101	0.2717
1	rs621071	180949434	2	ADD	454	-0.04789	-0.7694	0.4421
1	rs16859619	180995510	4	ADD	451	-0.1898	-1.875	0.06141
1	rs6660584	180997631	3	ADD	449	0.1022	1.829	0.06809
1	rs12406507	180997797	2	ADD	447	0.01259	0.1316	0.8953
1	rs6692387	181021168	2	ADD	445	-0.04688	-0.6999	0.4844
1	rs16859675	181038920	2	ADD	447	0.194	1.376	0.1695
1	rs6704003	181043989	1	ADD	382	0.2662	2.805	0.005286
1	rs6679583	181044028	3	ADD	452	0.1765	1.949	0.05186
1	rs3818805	181047556	1	ADD	454	0.2254	1.773	0.07689
1	rs6674915	181080906	2	ADD	417	0.09656	0.9555	0.3399
1	rs10494551	181099214	1	ADD	450	0.1636	1.792	0.07376
1	rs7513997	181100738	3	ADD	454	0.1255	0.9097	0.3635
1	rs10911155	181122321	3	ADD	441	0.1666	1.823	0.06902
1	rs6424873	181132340	4	ADD	453	0.1745	1.828	0.06828
1	rs12048692	181205693	4	ADD	446	0.1384	1.645	0.1008
1	rs9425569	181208825	3	ADD	438	-0.0006765	-0.01245	0.9901
1	rs4652753	181213969	1	ADD	453	0.1487	1.835	0.06715
1	rs10911174	181217979	4	ADD	413	-0.1803	-1.476	0.1406
1	rs12047601	181223801	2	ADD	443	0.1426	1.668	0.09609
1	rs10911184	181232290	4	ADD	452	0.1203	1.409	0.1594
1	rs12753817	181236960	4	ADD	409	-0.02205	-0.4105	0.6817
1	rs4233192	181237460	3	ADD	448	0.005679	0.1091	0.9132
1	rs10911187	181239647	1	ADD	454	0.1095	1.257	0.2095
1	rs10797802	181239781	4	ADD	448	0.00815	0.1548	0.877
1	rs10911188	181240087	2	ADD	453	0.1313	1.507	0.1326
1	rs10752881	181240114	1	ADD	440	0.01635	0.3059	0.7598
1	rs4454510	181248926	3	ADD	411	0.001866	0.03322	0.9735
1	rs12407471	181249084	1	ADD	447	0.05854	0.6686	0.5041
1	rs10752885	181249501	3	ADD	443	0.005122	0.09607	0.9235
1	rs12126434	181255037	3	ADD	452	0.01454	0.2759	0.7828
1	rs10737236	181255231	2	ADD	376	-0.01347	-0.2361	0.8135
1	rs10911208	181280422	3	ADD	454	0.1245	1.439	0.1508
1	rs17533540	181283264	1	ADD	453	0.1365	1.574	0.1161
1	rs4652772	181290319	3	ADD	446	0.0135	0.2561	0.798
1	rs3935384	181295593	2	ADD	451	0.01131	0.2147	0.8301
1	rs10911216	181297056	2	ADD	433	0.1286	1.433	0.1527
1	rs10797829	181299851	1	ADD	450	0.0131	0.2483	0.804
1	rs10911236	181322995	1	ADD	451	0.1264	1.456	0.146
1	rsk	181325075	3	ADD	448	-0.04248	-0.7153	0.4748
1	rs12091137	181342355	1	ADD	440	0.0086	0.1614	0.8719
1	rs12086466	181342401	4	ADD	437	0.01604	0.3025	0.7624
1	rs723015	181343204	4	ADD	444	0.1289	1.455	0.1465
1	rs10797838	181343643	1	ADD	450	0.01473	0.278	0.7812
1	rs10797839	181344420	4	ADD	451	0.01038	0.1975	0.8435
1	rs10752898	181344519	4	ADD	451	0.02675	0.5084	0.6114
1	rs10797842	181348490	3	ADD	435	0.01859	0.3474	0.7285
1	rs6424888	181352319	1	ADD	438	0.01681	0.3189	0.7499
1	rs7556132	181352378	1	ADD	447	0.02516	0.483	0.6293
1	rs2274984	181374069	3	ADD	428	0.02472	0.4669	0.6408
1	rs2027085	181375234	4	ADD	452	0.0365	0.6897	0.4908
1	rs16860429	181414851	1	ADD	444	-0.0278	-0.2786	0.7807
1	rs522372	181424072	3	ADD	453	0.01144	0.2161	0.829
1	rs549844	181424766	3	ADD	372	0.02698	0.4574	0.6477
1	rs16860461	181425633	4	ADD	452	0.1746	1.324	0.1861
1	rs563026	181427660	1	ADD	442	0.01911	0.3586	0.7201
1	rs566625	181428064	1	ADD	448	0.02444	0.462	0.6443
1	rs3118182	181433798	3	ADD	453	-0.05321	-0.9578	0.3387
1	rs16860518	181438828	1	ADD	449	0.1257	1.455	0.1463
1	rs12410901	181439268	1	ADD	426	0.1234	1.416	0.1575
1	rs16860537	181446883	3	ADD	451	0.1852	1.139	0.2555
1	rs10911279	181448811	3	ADD	453	0.1388	1.942	0.05281
1	rs875794	181451471	3	ADD	446	0.1392	1.956	0.05115
1	rs875795	181451583	4	ADD	441	0.1422	1.987	0.04751
1	rs942617	181452029	2	ADD	454	0.145	2.051	0.0408
1	rs3768600	181452719	1	ADD	430	0.1266	1.769	0.07769
1	rs2021958	181459551	1	ADD	404	0.01233	0.1262	0.8997
1	rs12044752	181460317	4	ADD	454	0.1482	2.099	0.03634
1	rs10797862	181464988	1	ADD	452	0.09935	1.247	0.2131
1	rs2296302	181471100	1	ADD	441	0.1309	1.821	0.06923
1	rs1047981	181473196	1	ADD	452	0.1535	2.178	0.02993
1	rs3768593	181479171	3	ADD	452	0.1248	1.672	0.09518
1	rs587387	181479904	4	ADD	453	-0.2421	-2.05	0.04092
1	rs3768592	181481049	1	ADD	436	0.1967	1.147	0.2521
1	rs10429829	181481506	2	ADD	408	0.1529	1.803	0.07216
1	rs549191	181487560	3	ADD	454	0.1357	1.821	0.06925
1	rs503243	181488636	1	ADD	454	0.1437	1.932	0.05397
1	rs16860717	181507318	3	ADD	447	0.1209	0.7542	0.4511
1	rs16860727	181508404	1	ADD	451	0.1578	1.854	0.06442
1	rs500530	181521595	4	ADD	450	0.01861	0.3168	0.7515
1	rs2480767	181523841	4	ADD	451	0.007716	0.1318	0.8952
1	rs946172	181527474	2	ADD	419	0.07492	1.381	0.1679
1	rs12037564	181537361	3	ADD	357	-0.09221	-1.514	0.1308
1	rs16860763	181537420	4	ADD	453	-0.08778	-1.318	0.1882
1	rs17483344	181539971	1	ADD	452	-0.1149	-0.6034	0.5465
1	rs4549998	181562553	1	ADD	435	0.07647	1.365	0.173
1	rs616545	181564773	3	ADD	445	0.1457	2.327	0.0204
1	rs518900	181570873	3	ADD	453	0.1532	2.457	0.01439
1	rs1536985	181575565	2	ADD	447	0.1517	2.414	0.01618
1	rs1541170	181576441	4	ADD	452	0.1579	2.534	0.0116
1	rs944190	181580916	3	ADD	452	0.03191	0.5769	0.5643
1	rs634375	181594489	2	ADD	376	0.05979	1.05	0.2946
1	rs10494562	181594594	4	ADD	452	0.131	1.414	0.1582
1	rs2811562	181612075	4	ADD	451	0.1283	2.024	0.04355
1	rs2788057	181612330	1	ADD	445	0.172	2.981	0.003031
1	rs2788060	181629269	4	ADD	442	-0.03163	-0.5759	0.565
1	rs2788063	181641934	4	ADD	454	0.1468	2.346	0.0194
1	rs2702183	181642224	1	ADD	446	0.1319	2.091	0.03711
1	rs6684015	181672417	3	ADD	446	-0.1308	-2.342	0.01962
1	rs2298083	181782051	1	ADD	450	0.1454	1.658	0.09794
1	rs789177	181782400	3	ADD	439	0.1592	1.813	0.07048
1	rs699246	181782723	2	ADD	451	0.06138	1.077	0.2822
1	rs2702182	181783063	1	ADD	442	-0.016	-0.2678	0.789
1	rs789181	181792961	3	ADD	450	-0.2875	-3.529	0.00046
1	rs11811630	181800533	4	ADD	442	0.02799	0.4825	0.6297
1	rs4652813	181801167	2	ADD	369	-0.1985	-1.398	0.1629
1	rs10911358	181807749	2	ADD	409	0.07187	1.245	0.2138
1	rs2274064	181809010	2	ADD	447	0.06251	1.094	0.2748
1	rs3754515	181829405	1	ADD	428	0.02592	0.4594	0.6462
1	rs7533521	181829511	3	ADD	430	0.05139	0.9258	0.3551
1	rs10797891	181830431	3	ADD	445	0.02171	0.3998	0.6895
1	rsl	181833536	4	ADD	436	0.01202	0.213	0.8314
1	rs2761559	181846902	4	ADD	452	0.03342	0.6193	0.536
1	rs2761560	181846993	1	ADD	454	0.03285	0.6082	0.5433
1	rs2761561	181847276	2	ADD	453	0.03202	0.5906	0.5551
1	rs2761565	181848025	4	ADD	440	0.03294	0.6056	0.5451
1	rs16861256	181859217	3	ADD	439	0.182	1.154	0.2491
1	rs16861259	181859951	4	ADD	446	-0.04672	-0.3368	0.7364
1	rs2254972	181869418	3	ADD	392	0.05273	0.9483	0.3436
1	rs6673809	181869683	1	ADD	379	-0.09872	-0.6893	0.4911
1	rs6661715	181888937	3	ADD	452	0.02834	0.189	0.8501
1	rs6699011	181889002	2	ADD	453	0.009705	0.0657	0.9476
1	rs1174662	181891833	3	ADD	447	0.002674	0.04742	0.9622
1	rs9633306	181904975	4	ADD	451	0.15	0.9694	0.3328
1	rs12029926	181906772	2	ADD	443	0.07267	0.4955	0.6205
1	rs12033293	181907045	3	ADD	447	0.1581	1.024	0.3065
1	rs1174679	181912977	2	ADD	422	0.01481	0.2634	0.7924
1	rs10911398	181913509	2	ADD	449	0.1279	0.886	0.3761
1	rs10911399	181913526	3	ADD	410	0.06496	0.3386	0.7351
1	rs12066802	181913939	1	ADD	443	0.1915	1.119	0.2637
1	rs10157799	181921744	4	ADD	453	0.01008	0.06822	0.9456
1	rs9286849	181921833	4	ADD	454	0.0756	0.5192	0.6039
1	rs12088165	181924722	4	ADD	447	0.1339	0.8106	0.418
1	rs4507976	181933543	3	ADD	427	-0.01288	-0.2372	0.8126
1	rs4388653	181933803	1	ADD	454	0.0001572	0.002886	0.9977
1	rs10911419	181942554	1	ADD	446	0.01075	0.1117	0.9111
1	rs12119579	181950372	2	ADD	387	0.01575	0.2794	0.7801
1	rs4609393	181955889	4	ADD	449	0.004813	0.09021	0.9282
1	rs2148620	181961410	4	ADD	453	0.003259	0.06107	0.9513
1	rs3820689	181978106	2	ADD	449	-0.001461	-0.02733	0.9782
1	rs10797903	181978763	3	ADD	404	-0.01612	-0.2896	0.7723
1	rs7516454	181989553	3	ADD	405	0.02493	0.4278	0.669
1	rs1926836	182000375	4	ADD	448	0.002071	0.0373	0.9703
1	rs6664373	182003826	2	ADD	449	0.03832	0.7168	0.4739
1	rs1926834	182005986	4	ADD	430	0.008546	0.1558	0.8763
1	rs10752920	182049826	2	ADD	438	-0.1464	-0.8404	0.4011
1	rs10797912	182051797	3	ADD	453	-0.004424	-0.03511	0.972
1	rs2491444	182052219	3	ADD	449	-0.06283	-0.4853	0.6277
1	rs4652825	182059946	3	ADD	409	-0.1093	-1.514	0.1308
1	rs12124394	182060886	4	ADD	453	-0.03445	-0.6022	0.5474
1	rs10911445	182062107	1	ADD	451	-0.04134	-0.5904	0.5552
1	rs2500118	182067473	2	ADD	448	-0.02368	-0.3392	0.7346
1	rs2491440	182073314	1	ADD	438	-0.01235	-0.1782	0.8586
1	rs2491439	182073898	1	ADD	452	-0.04207	-0.6081	0.5434
1	rs2500108	182074321	3	ADD	452	-0.04602	-0.6636	0.5073
1	rs2491437	182076262	4	ADD	440	-0.05897	-0.8515	0.395
1	rs2500103	182078400	3	ADD	452	-0.03657	-0.5237	0.6007
1	rs17502872	182079521	3	ADD	446	0.01427	0.1547	0.8771
1	rs6424914	182080481	4	ADD	448	-0.04757	-0.4622	0.6442
1	rs3010053	182082889	3	ADD	450	0.01381	0.2023	0.8397
1	rs3010054	182083639	1	ADD	448	0.00434	0.06367	0.9493
1	rs3010055	182083912	4	ADD	452	-0.006492	-0.114	0.9093
1	rs3010056	182084207	1	ADD	446	-0.003009	-0.04337	0.9654
1	rs7549804	182089318	2	ADD	449	-0.003638	-0.04011	0.968
1	rs3010060	182090009	4	ADD	429	-0.02075	-0.2992	0.765
1	rs3010061	182091492	4	ADD	434	-0.003868	-0.05381	0.9571
1	rs12120011	182093974	4	ADD	404	-0.04325	-0.3913	0.6958
1	rs9425321	182097524	4	ADD	442	-0.0334	-0.6102	0.542
1	rs12070135	182109602	1	ADD	452	0.03227	0.5649	0.5724
1	rs10911456	182109668	3	ADD	453	0.05545	0.9872	0.3241
1	rs7524927	182145134	4	ADD	454	-0.01439	-0.229	0.819
1	rs12562685	182151893	4	ADD	453	-0.01656	-0.2635	0.7923
1	rs10911467	182152029	3	ADD	430	-0.04843	-0.7871	0.4317
1	rs10911469	182155481	3	ADD	449	0.0167	0.2973	0.7664
1	rs12563980	182156175	4	ADD	448	0.008233	0.1256	0.9001
1	rs7554987	182156230	4	ADD	451	0.02843	0.5046	0.6141
1	rs17503785	182170412	3	ADD	447	-0.1075	-0.8382	0.4024
1	rs3010040	182174845	4	ADD	443	0.04114	0.6305	0.5287
1	rs2986544	182175577	4	ADD	435	0.03718	0.5506	0.5822
1	rs2148675	182175746	1	ADD	454	0.04767	0.7389	0.4603
1	rs1887279	182176783	4	ADD	451	0.04292	0.6645	0.5067
1	rs17504733	182196126	3	ADD	414	-0.1013	-1.378	0.169
1	rs12096645	182196394	4	ADD	443	0.06117	1.08	0.2807
1	rs10494571	182197324	3	ADD	454	0.1523	0.8742	0.3825
1	rs3949865	182197429	3	ADD	441	0.06221	1.107	0.2687
1	rs2378793	182201303	4	ADD	423	-0.07383	-1.237	0.2167
1	rs12132118	182203771	1	ADD	452	0.03704	0.3672	0.7136
1	rs10752925	182205922	4	ADD	422	-0.05654	-0.9335	0.3511
1	rs7515190	182206937	3	ADD	427	-0.0941	-1.546	0.1228
1	rs7530464	182208177	2	ADD	447	-0.03696	-0.6233	0.5334
1	rs2986561	182216313	1	ADD	452	-0.09284	-0.8657	0.3871
1	rs2986572	182217999	4	ADD	454	-0.08075	-0.7631	0.4458
1	rs10911480	182221005	1	ADD	443	-0.08602	-1.163	0.2454
1	rs10911481	182221443	1	ADD	453	-0.07955	-1.08	0.2806
1	rs4011680	182223936	3	ADD	452	-0.07968	-1.23	0.2192
1	rs10797929	182228266	1	ADD	453	-0.05541	-0.4229	0.6725
1	rs10911486	182240134	2	ADD	452	-0.02397	-0.1816	0.856
1	rs1952251	182249110	4	ADD	436	0.02388	0.4107	0.6815
1	rs4651164	182249781	1	ADD	439	0.04075	0.7287	0.4666
1	rs10494572	182250203	1	ADD	452	0.04592	0.6262	0.5315
1	rs16822334	182255938	3	ADD	446	-0.04269	-0.6174	0.5373
1	rs17512325	182256201	1	ADD	451	0.01695	0.2403	0.8102
1	rs10752928	182263614	3	ADD	437	-0.03814	-0.6845	0.494
1	rs11582961	182289682	4	ADD	427	-0.006814	-0.06471	0.9484
1	rs12411231	182316017	4	ADD	452	0.1043	1.128	0.2601
1	rs7522626	182322092	1	ADD	443	-0.005447	-0.08831	0.9297
1	rs16822432	182334580	1	ADD	447	-0.1047	-0.7484	0.4546
1	rs16822455	182337117	1	ADD	451	-0.0357	-0.2864	0.7747
1	rs6424924	182379252	2	ADD	453	-0.04943	-0.3925	0.6949
1	rs1409814	182382513	3	ADD	440	0.01037	0.1738	0.8621
1	rs4651179	182408434	3	ADD	454	-0.08168	-1.189	0.2349
1	rs12142293	182409117	1	ADD	431	-0.06763	-0.9157	0.3604
1	rs1327142	182409391	1	ADD	448	-0.08505	-1.231	0.219
1	rs9650990	182411936	1	ADD	450	-0.07766	-1.113	0.2664
1	rs4651180	182421203	1	ADD	453	0.0599	0.6436	0.5201
1	rs10494575	182425008	2	ADD	388	0.1052	0.5442	0.5866
1	rs6424930	182425419	4	ADD	448	-0.08931	-1.079	0.2812
1	rs2042556	182446917	4	ADD	450	-0.0009596	-0.01662	0.9867
1	rs997343	182448733	4	ADD	453	0.0781	1.366	0.1727
1	rs10911529	182453692	2	ADD	444	-0.06854	-0.9723	0.3314
1	rs10797943	182459041	4	ADD	453	0.02601	0.4716	0.6374
1	rs10911530	182461698	1	ADD	449	-0.0367	-0.6424	0.521
1	rs1930294	182461855	4	ADD	446	-0.1468	-1.078	0.2818
1	rs7517993	182464635	2	ADD	453	0.05848	1.044	0.2972
1	rs10494577	182471796	1	ADD	454	-0.04769	-0.691	0.4899
1	rs7549600	182474679	1	ADD	449	-0.02099	-0.3696	0.7119
1	rs714625	182475209	3	ADD	448	-0.02197	-0.3846	0.7007
1	rs1930285	182484602	2	ADD	450	0.0544	0.9658	0.3346
1	rs16822656	182486220	1	ADD	454	0.05864	1.047	0.2955
1	rs7525134	182498791	4	ADD	454	0.0764	1.366	0.1727
1	rs6424940	182501978	4	ADD	448	0.01164	0.2022	0.8398
1	rs12117439	182527972	4	ADD	445	-0.07866	-1.103	0.2708
1	rs6424944	182532800	3	ADD	429	0.03147	0.5367	0.5918
1	rs9787399	182561419	4	ADD	427	0.0768	1.382	0.1676
1	rs9425336	182572743	2	ADD	448	0.005325	0.09458	0.9247
1	rs12098046	182586828	2	ADD	409	0.002073	0.03519	0.9719
1	rs4338323	182588165	2	ADD	451	-0.07354	-0.6794	0.4972
1	rs4399119	182588252	2	ADD	430	0.05184	0.7538	0.4514
1	rs4233116	182588553	3	ADD	448	0.1058	1.47	0.1422
1	rs4381150	182592237	2	ADD	438	0.09969	1.376	0.1697
1	rs6659035	182603189	1	ADD	449	0.05072	0.7924	0.4286
1	rs6683726	182603371	2	ADD	421	0.09408	1.26	0.2083
1	rs12048492	182615701	3	ADD	434	0.1451	1.589	0.1128
1	rs7415961	182629726	2	ADD	443	0.168	1.898	0.05837
1	rs10797964	182633787	1	ADD	450	0.001426	0.02438	0.9806
1	rs12128424	182659714	1	ADD	450	-0.1445	-1.037	0.3002
1	rs12145326	182661579	4	ADD	453	-0.08391	-0.6324	0.5274
1	rs16823145	182664538	3	ADD	412	-0.1175	-0.6312	0.5283
1	rs16823149	182669131	3	ADD	453	0.1026	1.23	0.2193
1	rs12093839	182671982	3	ADD	445	0.03564	0.5522	0.5811
1	rs7522628	182681571	4	ADD	448	0.124	1.465	0.1435
1	rs6698504	182683161	4	ADD	445	-0.03201	-0.19	0.8494
1	rs11805001	182685452	4	ADD	431	0.09694	1.118	0.2643
1	rs16823195	182697465	1	ADD	441	-0.06615	-0.7478	0.455
1	rs16823213	182701824	3	ADD	452	0.06688	0.84	0.4013
1	rs10911598	182705431	3	ADD	453	-0.07752	-0.9057	0.3656
1	rs10489724	182707103	2	ADD	400	0.1553	1.098	0.273
1	rs10489725	182707164	2	ADD	454	0.1066	1.013	0.3118
1	rs10489726	182707243	4	ADD	452	0.1022	0.9711	0.332
1	rs4651209	182708835	4	ADD	431	-0.04409	-0.5155	0.6065
1	rs6659261	182714092	4	ADD	445	-0.003333	-0.03699	0.9705
1	rs6683932	182714247	1	ADD	453	-0.0512	-0.579	0.5629
1	rs4651210	182715033	1	ADD	452	0.02395	0.4135	0.6795
1	rs10911604	182740037	4	ADD	454	0.006836	0.09215	0.9266
1	rs10797972	182741786	1	ADD	433	-0.008071	-0.1364	0.8916
1	rs7513091	182755586	4	ADD	423	0.01838	0.256	0.7981
1	rs12127674	182771635	3	ADD	448	0.00279	0.04764	0.962
1	rs12410630	182826061	4	ADD	395	0.01024	0.126	0.8998
1	rs1970391	182826302	3	ADD	440	-0.0781	-0.7602	0.4476
1	rs6424959	182827125	1	ADD	452	-0.0006329	-0.01077	0.9914
1	rs17255321	182827164	1	ADD	454	0.02688	0.1965	0.8443
1	rs16823318	182828866	1	ADD	449	0.046	0.5692	0.5695
1	rs10911619	182839705	1	ADD	450	0.002728	0.03756	0.9701
1	rs10911620	182842808	2	ADD	406	-0.01155	-0.147	0.8832
1	rs10911621	182843310	3	ADD	448	-0.00863	-0.1185	0.9058
1	rs16823340	182849917	2	ADD	453	0.02828	0.2066	0.8364
1	rs4651225	182855071	3	ADD	448	-0.04988	-0.6625	0.508
1	rs16823344	182855333	2	ADD	450	-0.05586	-0.4162	0.6775
1	rs8972	182864622	2	ADD	450	0.01273	0.1723	0.8633
1	rs17578245	182871551	1	ADD	451	-0.04219	-0.2893	0.7725
1	rs2024765	182920164	2	ADD	454	0.1033	1.812	0.07072
1	rs2024766	182920256	2	ADD	454	0.09833	1.719	0.08639
1	rs10911640	182941032	2	ADD	444	0.11	1.939	0.05309
1	rs12567226	182944913	1	ADD	454	0.1098	1.941	0.05288
1	rs12096214	182956446	1	ADD	445	-0.1388	-0.9695	0.3328
1	rsm	183002673	4	ADD	445	-0.1287	-1.609	0.1084
1	rs861588	183005117	1	ADD	442	-0.01176	-0.1973	0.8437
1	rs861590	183005923	2	ADD	449	0.05954	1.043	0.2976
1	rs10752942	183013710	2	ADD	452	0.1203	1.46	0.145
1	rs861606	183017246	2	ADD	395	0.01977	0.3461	0.7294
1	rs861607	183017658	1	ADD	447	0.05433	0.9465	0.3444
1	rs861615	183021804	4	ADD	445	0.06254	1.047	0.2959
1	rs7360	183027056	4	ADD	452	0.05927	1.039	0.2992
1	rs28927681	183031695	3	ADD	445	0.005518	0.04731	0.9623
1	rs7528626	183036912	4	ADD	438	0.1171	0.9601	0.3375
1	rs338565	183043724	1	ADD	449	0.04766	0.702	0.4831
1	rs543912	183043800	1	ADD	414	0.01332	0.1828	0.855
1	rs338566	183044090	4	ADD	445	0.04264	0.6739	0.5008
1	rs1099626	183052544	1	ADD	439	0.02895	0.3978	0.691
1	rs520605	183062402	2	ADD	453	0.03324	0.5219	0.602
1	rs4651234	183065966	2	ADD	451	0.03573	0.5658	0.5718
1	rs543561	183089152	2	ADD	426	0.05997	1.047	0.2956
1	rs677953	183092569	3	ADD	443	0.06568	1.149	0.2513
1	rs555206	183109076	1	ADD	446	0.07084	1.258	0.2092
1	rs234650	183113145	1	ADD	447	-0.0536	-0.9489	0.3432
1	rs234653	183115396	2	ADD	453	-0.0745	-0.6171	0.5375
1	rs234654	183115771	2	ADD	425	-0.08403	-0.6019	0.5476
1	rs234656	183116101	4	ADD	446	-0.1125	-0.8747	0.3822
1	rs4650671	183148327	4	ADD	453	0.06872	1.21	0.2269
1	rs10911659	183171884	2	ADD	407	0.01266	0.2212	0.825
1	rs6686749	183181571	4	ADD	449	-0.02001	-0.3604	0.7187
1	rs7512071	183188204	4	ADD	451	0.0003528	0.006664	0.9947
1	rs4651243	183189486	3	ADD	451	-0.01189	-0.2202	0.8258
1	rs234099	183204350	3	ADD	350	0.02738	0.3842	0.701
1	rs85671	183206180	4	ADD	428	-0.04453	-0.8054	0.421
1	rs234106	183208643	3	ADD	399	-0.05916	-1.018	0.3095
1	rs2748937	183215903	3	ADD	413	-0.01664	-0.2978	0.766
1	rs234115	183216847	1	ADD	443	-0.03918	-0.7296	0.466
1	rs2748938	183217885	3	ADD	409	0.00335	0.05939	0.9527
1	rs234122	183219736	4	ADD	414	-0.01338	-0.2513	0.8017
1	rs12094983	183274586	4	ADD	451	0.04039	0.3414	0.7329
1	rs17379801	183307081	2	ADD	451	-0.05944	-0.5785	0.5632
1	rs12409926	183319050	4	ADD	448	0.05329	0.447	0.6551
1	rs1046592	183336184	2	ADD	451	0.06487	0.5455	0.5857
1	rs12046801	183340550	2	ADD	453	0.04211	0.3599	0.7191
1	rs10911679	183353614	1	ADD	448	-0.03949	-0.6707	0.5028
1	rs12086086	183363199	3	ADD	452	0.07154	0.6108	0.5417
1	rs7548237	183394873	4	ADD	431	-0.02966	-0.4937	0.6217
1	rs6674490	183403081	1	ADD	414	0.007427	0.1264	0.8995
1	rs10489580	183408955	1	ADD	439	0.004779	0.08154	0.9351
1	rs10798000	183423754	1	ADD	448	0.01079	0.1869	0.8518
1	rs2890041	183440830	4	ADD	447	0.09485	1.445	0.1492
1	rs10453829	183448107	3	ADD	441	0.004209	0.07185	0.9428
1	rs17519029	183474050	1	ADD	452	-0.04421	-0.428	0.6689
1	rs951428	183475204	4	ADD	450	0.01099	0.1921	0.8478
1	rs2383269	183479309	2	ADD	453	0.009443	0.1655	0.8686
1	rs12135172	183486303	4	ADD	443	-0.0004031	-0.006954	0.9945
1	rs10798004	183531772	1	ADD	442	0.00625	0.109	0.9133
1	rs10911702	183539217	3	ADD	392	0.00487	0.07993	0.9363
1	rs6424976	183583980	4	ADD	440	-0.03133	-0.5373	0.5913
1	rs6689206	183592170	4	ADD	450	-0.002455	-0.04271	0.9659
1	rs6665186	183594150	3	ADD	414	0.02021	0.335	0.7378
1	rs7548599	183602918	3	ADD	388	0.004341	0.07358	0.9414
1	rs10489486	183605173	2	ADD	451	0.05553	0.8514	0.395
1	rsn	183631748	3	ADD	448	-0.1633	-1.881	0.0606
1	rs1474837	183631890	2	ADD	402	0.05932	0.9286	0.3537
1	rs10911722	183648214	4	ADD	438	0.01589	0.2787	0.7806
1	rs10911723	183650470	3	ADD	446	0.008127	0.1462	0.8839
1	rs10752951	183650605	3	ADD	440	-0.02123	-0.3635	0.7164
1	rs2281415	183659468	4	ADD	419	-0.01743	-0.2827	0.7775
1	rs10737261	183660799	1	ADD	449	-0.003207	-0.05505	0.9561
1	rs10911725	183661805	1	ADD	454	0.04938	0.8391	0.4019
1	rs10911726	183661895	1	ADD	452	0.04337	0.736	0.4621
1	rs7545591	183662469	3	ADD	451	-0.02555	-0.4193	0.6752
1	rs6701364	183669795	1	ADD	438	-0.01385	-0.236	0.8136
1	rs6703571	183677301	2	ADD	453	0.0371	0.6098	0.5423
1	rs10752954	183679005	1	ADD	443	-0.03986	-0.6775	0.4984
1	rs7552672	183679697	4	ADD	450	-0.02091	-0.359	0.7197
1	rs12128220	183680405	3	ADD	454	-0.01694	-0.2916	0.7707
1	rs12057231	183683293	4	ADD	454	-0.01315	-0.2326	0.8162
1	rs7519380	183688650	4	ADD	446	-0.0263	-0.4498	0.6531
1	rs6691010	183701660	1	ADD	451	0.05381	0.9841	0.3256
1	rs6424983	183709390	1	ADD	434	-0.05678	-1.046	0.2963
1	rs1039561	183726314	2	ADD	439	-0.09911	-1.749	0.081
1	rs6663267	183730890	3	ADD	427	-0.08742	-1.596	0.1113
1	rs2181006	183732497	4	ADD	446	-0.09611	-1.742	0.0822
1	rs2174295	183735419	3	ADD	442	-0.055	-0.5492	0.5831
1	rs958564	183735542	3	ADD	445	-0.1062	-1.949	0.0519
1	rs7544587	183762466	4	ADD	449	-0.02329	-0.247	0.805
1	rs4651265	183767400	2	ADD	424	-0.08662	-1.491	0.1368
1	rso	183776649	3	ADD	453	-0.01827	-0.1872	0.8516
1	rs7542383	183776844	4	ADD	454	-0.08551	-1.506	0.1327
1	rs1321996	183782084	1	ADD	452	-0.03599	-0.6591	0.5102
1	rs4142138	183786418	2	ADD	444	0.02382	0.3729	0.7094
1	rs534817	183787223	1	ADD	435	0.01387	0.2472	0.8049
1	rs10798019	183789310	2	ADD	454	-0.008998	-0.138	0.8903
1	rs1321999	183791541	3	ADD	452	0.003101	0.02828	0.9774
1	rs2821436	183792215	3	ADD	448	-0.04301	-0.7574	0.4492
1	rs2756199	183792524	2	ADD	439	-0.03891	-0.6778	0.4983
1	rs2821435	183792617	1	ADD	446	-0.03597	-0.6424	0.5209
1	rs10911755	183792666	2	ADD	454	0.005904	0.05427	0.9567
1	rsp	183796340	2	ADD	451	-0.05522	-0.501	0.6166
1	rs516040	183796865	4	ADD	450	-0.03706	-0.6688	0.504
1	rs11586588	183799928	1	ADD	449	-0.003643	-0.03213	0.9744
1	rs553280	183800085	4	ADD	446	-0.04037	-0.7103	0.4779
1	rs2756207	183803452	1	ADD	447	-0.04615	-0.823	0.4109
1	rs333701	183804095	1	ADD	450	-0.03874	-0.698	0.4856
1	rs333703	183805765	1	ADD	447	-0.03469	-0.6208	0.5351
1	rs551806	183807931	2	ADD	453	-0.03825	-0.685	0.4937
1	rs498961	183808166	3	ADD	441	-0.0382	-0.6741	0.5006
1	rs333716	183819665	1	ADD	444	-0.04431	-0.7891	0.4305
1	rs333717	183819838	4	ADD	446	-0.03411	-0.6124	0.5406
1	rs179776	183821112	2	ADD	443	-0.03678	-0.661	0.509
1	rs333711	183828518	3	ADD	449	-0.04872	-0.874	0.3826
1	rs333713	183830041	1	ADD	447	-0.05099	-0.9072	0.3648
1	rs333714	183830437	2	ADD	454	-0.2573	-1.788	0.07453
1	rs10911759	183840138	4	ADD	419	-0.06184	-0.3446	0.7305
1	rs12089482	183864117	3	ADD	452	-0.09816	-0.5533	0.5804
1	rs10798024	183870395	3	ADD	407	0.02035	0.2805	0.7793
1	rs4651283	183897734	1	ADD	452	-0.007497	-0.1186	0.9057
1	rs7538168	183935824	1	ADD	421	0.04629	0.7623	0.4463
1	rs10127540	183952167	2	ADD	445	0.05504	1.014	0.3111
1	rsq	183961436	1	ADD	444	0.004636	0.07974	0.9365
1	rsr	183973836	4	ADD	423	0.008543	0.1458	0.8842
1	rs11583867	183984337	1	ADD	444	0.008392	0.146	0.884
1	rs1321676	183984735	2	ADD	452	0.08432	0.5734	0.5666
1	rs1407429	184022377	1	ADD	448	0.001356	0.02366	0.9811
1	rs1322358	184031442	1	ADD	433	0.04616	0.8568	0.392
1	rs1322359	184031570	1	ADD	453	0.02082	0.3651	0.7152
1	rs1407430	184075927	1	ADD	449	0.02397	0.4146	0.6787
1	rs17448182	184092657	4	ADD	448	-0.04199	-0.3132	0.7543
1	rs7556537	184100188	2	ADD	454	0.05102	0.9499	0.3427
1	rss	184100503	3	ADD	452	0.01051	0.1814	0.8561
1	rs2057385	184103946	2	ADD	442	0.01481	0.2542	0.7995
1	rs11800990	184151878	4	ADD	451	0.03684	0.224	0.8229
1	rst	184152254	4	ADD	449	-0.07186	-0.6881	0.4917
1	rs1555494	184152774	3	ADD	454	-0.01611	-0.1065	0.9152
1	rs10047250	184166709	2	ADD	390	-0.3309	-1.613	0.1076
1	rs10489717	184190198	1	ADD	450	0.0453	0.2755	0.783
1	rsu	184208450	4	ADD	440	-0.2053	-1.112	0.2668
1	rs1569989	184243678	3	ADD	449	-0.007898	-0.1427	0.8866
1	rs10798027	184244493	2	ADD	451	0.04234	0.69	0.4905
1	rs6658929	184249148	3	ADD	447	-0.02646	-0.4747	0.6352
1	rs4626827	184262936	1	ADD	440	-0.02754	-0.4878	0.626
1	rs10798030	184263709	3	ADD	449	-0.02718	-0.4876	0.6261
1	rs7556344	184269287	4	ADD	428	-0.006638	-0.1182	0.906
1	rs10798033	184280237	3	ADD	441	-0.0241	-0.4402	0.66
1	rs7520459	184291628	3	ADD	450	-0.01859	-0.3383	0.7353
1	rs6425015	184301587	2	ADD	448	-0.03963	-0.7001	0.4842
1	rs10911810	184303021	4	ADD	449	-0.02309	-0.4179	0.6762
1	rs2383431	184309246	2	ADD	453	-0.0426	-0.758	0.4488
1	rs10798036	184319585	2	ADD	454	-0.02666	-0.4735	0.6361
1	rs10911813	184319794	2	ADD	453	-0.02809	-0.4963	0.6199
1	rs12058256	184319858	4	ADD	454	0.07988	1.322	0.187
1	rs7527490	184341541	1	ADD	445	-0.03032	-0.536	0.5922
1	rs7555906	184348939	2	ADD	453	-0.04732	-0.8417	0.4004
1	rs4651299	184349132	2	ADD	445	-0.04612	-0.8168	0.4145
1	rs4233125	184349255	3	ADD	449	-0.04726	-0.8359	0.4037
1	rs720972	184352520	2	ADD	384	-0.01273	-0.2097	0.834
1	rs10911825	184368162	3	ADD	452	0.03431	0.5477	0.5842
1	rs12080760	184375919	4	ADD	421	0.01936	0.3221	0.7475
1	rs12061689	184377180	4	ADD	426	0.04413	0.6755	0.4997
1	rs6664918	184379128	3	ADD	444	0.03901	0.6656	0.506
1	rs17531405	184380475	2	ADD	454	-0.03276	-0.4413	0.6592
1	rs1322374	184380948	3	ADD	431	0.05228	0.791	0.4294
1	rs16825022	184415137	4	ADD	451	0.04171	0.2296	0.8185
1	rs16825024	184415169	1	ADD	453	0.03963	0.2186	0.827
1	rs16825040	184418116	3	ADD	451	0.03215	0.5415	0.5885
1	rs586727	184422315	4	ADD	453	-0.03617	-0.5391	0.5901
1	rs680638	184423137	2	ADD	446	-0.08378	-1.379	0.1686
1	rs10752963	184434556	2	ADD	451	0.01865	0.3213	0.7482
1	rs857753	184434904	2	ADD	422	-0.1052	-1.637	0.1024
1	rs1885522	184439066	1	ADD	436	0.07832	0.883	0.3777
1	rs676236	184439801	1	ADD	444	-0.07696	-1.219	0.2235
1	rs595888	184441446	2	ADD	451	-0.05437	-0.8955	0.371
1	rs13375677	184444861	2	ADD	451	-0.08446	-1.415	0.1577
1	rs12408916	184448269	2	ADD	454	0.1437	1.488	0.1376
1	rs6666859	184448779	2	ADD	451	0.1619	1.643	0.101
1	rs663665	184456628	1	ADD	445	0.04467	0.6522	0.5146
1	rs1743664	184456824	4	ADD	439	-0.0998	-1.666	0.09638
1	rs1743654	184463975	4	ADD	371	0.1687	1.758	0.07964
1	rs632800	184464019	1	ADD	424	0.06255	0.8802	0.3792
1	rs654335	184464369	3	ADD	449	0.04294	0.6211	0.5349
1	rs653791	184464527	3	ADD	453	0.0432	0.63	0.529
1	rs677889	184467478	1	ADD	451	0.04827	0.7011	0.4836
1	rs664058	184468206	3	ADD	439	0.03604	0.511	0.6096
1	rs663977	184468267	2	ADD	440	0.06726	0.9675	0.3338
1	rs652052	184468631	1	ADD	444	0.05059	0.7369	0.4616
1	rs639851	184468962	4	ADD	451	0.03376	0.4937	0.6218
1	rs633606	184470431	4	ADD	437	0.03653	0.5246	0.6002
1	rs622480	184470643	4	ADD	418	0.0603	0.8348	0.4043
1	rs611643	184470680	2	ADD	454	0.04452	0.6499	0.5161
1	rs611141	184470816	2	ADD	433	-0.109	-1.772	0.07705
1	rs610262	184471002	2	ADD	428	0.02929	0.3976	0.6911
1	rs608155	184471566	4	ADD	442	0.05374	0.7544	0.451
1	rs596457	184471792	1	ADD	452	0.04356	0.6332	0.5269
1	rs1743691	184472490	2	ADD	432	0.03943	0.5647	0.5726
1	rs1795011	184472811	4	ADD	451	0.04002	0.5833	0.56
1	rs679518	184483286	1	ADD	421	0.07561	1.035	0.3012
1	rs6671112	184499279	1	ADD	406	-0.07035	-1.209	0.2274
1	rs857584	184508361	4	ADD	443	-0.03726	-0.6728	0.5014
1	rs1795022	184514547	3	ADD	441	-0.1052	-1.844	0.06593
1	rs857590	184521917	3	ADD	449	0.06766	1.199	0.2311
1	rs6657726	184553910	4	ADD	420	-0.01449	-0.2452	0.8064
1	rs3820182	184556956	1	ADD	409	0.06203	0.816	0.415
1	rs10494583	184557118	3	ADD	449	0.08602	1.188	0.2353
1	rs16825185	184573687	3	ADD	453	0.1041	1.455	0.1463
1	rs3820181	184582822	4	ADD	451	0.1238	1.722	0.08579
1	rs3753565	184583111	4	ADD	445	0.1061	1.459	0.1454
1	rs3115752	184626373	1	ADD	439	-0.1095	-1.14	0.2548
1	rs12084264	184629742	3	ADD	442	-0.01268	-0.209	0.8346
1	rs3108517	184632929	3	ADD	454	-0.1358	-1.105	0.2699
1	rs8824	184656926	1	ADD	420	0.009988	0.1735	0.8624
1	rs10911861	184670865	1	ADD	448	0.01948	0.2031	0.8392
1	rs11803944	184671023	4	ADD	440	-0.03921	-0.5023	0.6157
1	rs1882926	184678202	1	ADD	450	0.04696	0.4821	0.63
1	rs12402521	184689144	1	ADD	378	-0.0142	-0.2073	0.8359
1	rs10911871	184719782	3	ADD	448	0.04704	0.4874	0.6262
1	rs10489392	184721517	3	ADD	454	0.04839	0.5038	0.6146
1	rs480075	184722959	1	ADD	451	-0.1146	-1.659	0.09778
1	rs3844242	184732519	2	ADD	454	-0.005289	-0.08087	0.9356
1	rs6678912	184737924	3	ADD	430	0.007049	0.1268	0.8991
1	rs11578436	184754574	1	ADD	449	0.04561	0.4668	0.6409
1	rs12404135	184769317	1	ADD	446	0.0797	0.8021	0.4229
1	rs10911877	184773235	1	ADD	451	-0.01734	-0.2644	0.7916
1	rs10798049	184799629	1	ADD	454	0.06436	0.6735	0.501
1	rs10911886	184804214	3	ADD	453	0.06624	0.6891	0.4911
1	rs10911887	184804474	1	ADD	440	0.01702	0.171	0.8643
1	rs12077211	184804601	3	ADD	445	0.05466	0.5804	0.5619
1	rs6674145	184813956	4	ADD	450	-0.05163	-0.6638	0.5072
1	rs12723621	184821080	4	ADD	440	-0.1115	-1.382	0.1677
1	rs11803639	184840644	1	ADD	453	-0.04857	-0.6334	0.5268
1	rs11584662	184847447	4	ADD	433	0.01631	0.296	0.7674
1	rs10489396	184864834	4	ADD	451	-0.0529	-0.6871	0.4924
1	rs16825675	184882618	2	ADD	439	-0.01996	-0.3018	0.7629
1	rs16825681	184882825	4	ADD	446	-0.0429	-0.5547	0.5794
1	rs12405141	184890093	3	ADD	450	0.03596	0.3814	0.7031
1	rs10911901	184890629	2	ADD	453	0.03396	0.3866	0.6992
1	rs9783052	184893088	3	ADD	446	0.03607	0.4026	0.6874
1	rs9783017	184894454	4	ADD	445	0.04536	0.4787	0.6324
1	rs12124257	184898555	2	ADD	452	-0.1573	-1.316	0.1887
1	rs10911902	184898940	4	ADD	436	-0.01107	-0.1516	0.8796
1	rs2206593	184909052	1	ADD	381	-0.1248	-0.6989	0.4851
1	rs689466	184917374	2	ADD	397	0.09949	1.32	0.1876
1	rs10911909	184924970	2	ADD	444	0.05119	0.5429	0.5875
1	rs6681231	184926482	2	ADD	450	0.005085	0.05937	0.9527
1	rs2383529	184935715	3	ADD	452	-0.04278	-0.5985	0.5498
1	rs16825773	184935754	3	ADD	443	0.04574	0.5664	0.5714
1	rs6665419	184941184	1	ADD	451	0.08175	0.9122	0.3621
1	rs10911917	184983779	4	ADD	423	-0.1705	-1.606	0.1091
1	rs12088741	184984940	4	ADD	423	-0.08307	-0.6213	0.5348
1	rs760707	184989053	2	ADD	450	-0.1824	-1.535	0.1255
1	rs7532307	185008159	1	ADD	450	-0.1792	-1.649	0.09981
1	rs7517157	185028220	1	ADD	408	-0.09763	-0.7582	0.4488
1	rs1980454	185036123	2	ADD	435	-0.1944	-1.883	0.06032
1	rs4651330	185083273	2	ADD	438	-0.01736	-0.2619	0.7935
1	rs10752979	185102618	1	ADD	446	-0.0436	-0.6522	0.5146
1	rs17591814	185113221	4	ADD	410	-0.04282	-0.7184	0.4729
1	rs10911944	185117543	2	ADD	446	-0.2206	-1.595	0.1113
1	rs1980445	185117659	2	ADD	439	-0.1572	-1.632	0.1033
1	rs2049963	185117839	1	ADD	448	0.03529	0.4134	0.6795
1	rs1018378	185124671	4	ADD	451	-0.2434	-1.799	0.07266
1	rs12042344	185124758	2	ADD	452	0.09226	1.033	0.3023
1	rs1569479	185140327	3	ADD	451	0.04431	0.7753	0.4386
1	rs10798068	185141631	1	ADD	438	-0.0281	-0.5006	0.6169
1	rs10798069	185142082	4	ADD	430	0.0002356	0.004244	0.9966
1	rs6662687	185146514	1	ADD	453	0.04602	0.8054	0.421
1	rs4336803	185161025	4	ADD	453	0.08539	1.096	0.2737
1	rsv	185173570	2	ADD	448	-0.2178	-1.198	0.2316
1	rs12128551	185173669	1	ADD	438	0.01741	0.248	0.8042
1	rs10911963	185178610	2	ADD	454	0.09029	1.162	0.246
1	rs7555140	185184143	2	ADD	411	-0.0441	-0.726	0.4682
1	rs12720662	185200715	4	ADD	437	-0.01077	-0.1631	0.8705
1	rs2383556	185202264	2	ADD	452	-0.08959	-0.7206	0.4716
1	rs6674263	185202785	1	ADD	422	-0.2958	-1.586	0.1136
1	rsw	185204926	3	ADD	450	0.02776	0.4342	0.6644
1	rs7367623	185206463	3	ADD	452	-0.1629	-0.8574	0.3917
1	rs10737278	185214650	2	ADD	454	-0.0255	-0.4646	0.6424
1	rs10489410	185220818	3	ADD	452	0.05173	0.4237	0.672
1	rs7414079	185225768	1	ADD	447	-0.118	-1.216	0.2248
1	rs1474797	185233816	3	ADD	452	0.03586	0.5599	0.5759
1	rs10752991	185239558	2	ADD	450	0.05711	1.041	0.2985
1	rs2383559	185246065	2	ADD	451	0.05545	1.008	0.314
1	rs12046378	185247392	1	ADD	444	0.0459	0.6444	0.5196
1	rs6689013	185247441	2	ADD	451	-0.01579	-0.2097	0.834
1	rs7520822	185265466	1	ADD	393	-0.08069	-1.388	0.1658
1	rs4233126	185266227	1	ADD	449	-0.06105	-1.14	0.2548
1	rs10911988	185270422	4	ADD	452	0.05239	0.7493	0.4541
1	rs1474864	185300212	4	ADD	444	-0.08156	-0.5516	0.5815
1	rs10911991	185301683	1	ADD	446	0.09276	1.209	0.2274
1	rs1297673	185301717	2	ADD	444	-0.06339	-1.02	0.3084
1	rsx	185301965	3	ADD	399	0.07462	0.9505	0.3424
1	rsy	185302271	1	ADD	445	0.06949	0.9178	0.3592
1	rs16826326	185303834	2	ADD	453	0.08701	1.142	0.2543
1	rs1297676	185307634	2	ADD	444	0.0311	0.509	0.611
1	rs12022951	185313885	3	ADD	434	0.08129	1.037	0.3002
1	rs2144438	185321520	4	ADD	454	-0.08451	-1.344	0.1795
1	rs17545182	185321946	3	ADD	441	0.02163	0.3557	0.7223
1	rs10798085	185333434	4	ADD	444	-0.05723	-0.8346	0.4044
1	rs118654	185336978	3	ADD	454	-0.06297	-0.9353	0.3501
1	rs230629	185340573	4	ADD	452	-0.05941	-0.9957	0.3199
1	rs230627	185340930	1	ADD	453	-0.04907	-0.8216	0.4117
1	rs10798086	185341113	2	ADD	421	-0.01541	-0.2512	0.8018
1	rs2383574	185347822	1	ADD	404	-0.06969	-0.8121	0.4172
1	rs12065385	185351346	1	ADD	441	-0.02684	-0.3772	0.7062
1	rs717516	185351429	1	ADD	451	0.001393	0.02026	0.9838
1	rs726677	185356100	1	ADD	447	0.08866	0.9891	0.3232
1	rsz	185358332	1	ADD	452	0.09517	0.8663	0.3868
1	rs1924736	185359105	1	ADD	447	-0.02689	-0.3873	0.6987
1	rs10798088	185360951	1	ADD	443	-0.07689	-0.9566	0.3393
1	rs10912013	185368486	1	ADD	421	-0.02848	-0.3964	0.692
1	rs6667840	185373028	2	ADD	454	-0.001344	-0.01961	0.9844
1	rs11576183	185382817	3	ADD	451	0.007615	0.1197	0.9048
1	rs11587653	185382879	3	ADD	443	0.006064	0.1027	0.9183
1	rs6425079	185405486	2	ADD	418	-0.005886	-0.1027	0.9182
1	rs1924743	185407441	4	ADD	450	-0.06387	-0.9173	0.3595
1	rs10798100	185438750	2	ADD	449	0.00101	0.01347	0.9893
1	rsaa	185442065	1	ADD	442	0.0224	0.2156	0.8294
1	rs964665	185476575	3	ADD	436	0.07919	0.9767	0.3293
1	rs330728	185479137	4	ADD	394	0.05874	0.9922	0.3217
1	rs7514330	185495580	2	ADD	426	-0.05721	-0.8068	0.4202
1	rs330743	185496755	1	ADD	452	0.05939	1.077	0.2821
1	rs330737	185506052	1	ADD	413	0.05662	0.9729	0.3312
1	rs7536627	185532586	4	ADD	446	-0.01905	-0.3135	0.754
1	rs1496089	185557842	2	ADD	445	-0.03911	-0.6201	0.5355
1	rs16826735	185571996	3	ADD	454	-0.03298	-0.3015	0.7632
1	rs6680903	185586613	4	ADD	449	-0.0712	-0.658	0.5109
1	rs1285511	185601003	3	ADD	450	-0.08742	-1.464	0.1439
1	rs931589	185608030	2	ADD	447	-0.08074	-1.333	0.1831
1	rs1285527	185609149	1	ADD	453	-0.07519	-1.191	0.2342
1	rs1496092	185613291	2	ADD	452	-0.05782	-0.6461	0.5186
1	rs1285524	185613440	2	ADD	452	-0.07502	-1.185	0.2368
1	rs1938514	185616560	3	ADD	399	-0.1116	-1.672	0.09536
1	rs4651373	185628438	4	ADD	447	0.005239	0.08977	0.9285
1	rs6694868	185638018	1	ADD	438	0.01864	0.2902	0.7718
1	rs12740330	185647575	2	ADD	448	-0.03579	-0.4307	0.6669
1	rs4651377	185647735	3	ADD	453	0.02323	0.3538	0.7237
1	rs7552942	185648921	4	ADD	452	0.03573	0.5416	0.5884
1	rs4651378	185651100	4	ADD	440	-0.06523	-0.6365	0.5248
1	rs7516899	185651347	4	ADD	452	0.002683	0.04612	0.9632
1	rs2154386	185651444	4	ADD	453	-0.03329	-0.4035	0.6868
1	rs2997502	185672477	4	ADD	426	-0.01487	-0.2503	0.8025
1	rs2243884	185679728	2	ADD	444	0.01512	0.2353	0.8141
1	rs4651384	185685027	1	ADD	394	-0.05624	-0.883	0.3778
1	rs12037050	185685248	3	ADD	452	-0.05537	-0.9227	0.3567
1	rs12137534	185694854	3	ADD	419	0.104	1.758	0.07951
1	rs17530016	185695696	2	ADD	446	0.1546	0.9545	0.3404
1	rs12088162	185696376	4	ADD	424	0.08523	1.449	0.1481
1	rs1892543	185701390	2	ADD	450	-0.07925	-1.329	0.1844
1	rs1938522	185702203	3	ADD	448	-0.09122	-1.527	0.1275
1	rs2249494	185702532	4	ADD	452	0.1246	2.165	0.03088
1	rs2249371	185703215	1	ADD	440	-0.1166	-1.71	0.08796
1	rs2383625	185713343	3	ADD	442	0.1695	2.508	0.01249
1	rs2383626	185723028	1	ADD	405	-0.09579	-1.533	0.126
1	rs6679580	185723795	1	ADD	447	0.08309	1.184	0.2372
1	rs6692806	185725885	3	ADD	399	0.07299	1.056	0.2915
1	rs4233129	185736213	2	ADD	448	0.09495	1.421	0.1562
1	rs7555613	185746358	2	ADD	450	0.02528	0.1887	0.8504
1	rs16827201	185768293	2	ADD	397	0.1678	0.8177	0.414
1	rs10912092	185776111	4	ADD	454	0.04968	0.3621	0.7174
1	rs10494600	185801901	2	ADD	429	0.05413	0.7419	0.4586
1	rs10494601	185802181	4	ADD	451	0.03492	0.5812	0.5614
1	rsbb	185807793	1	ADD	446	0.02233	0.3544	0.7232
1	rs2789394	185809777	1	ADD	445	-0.05028	-0.8772	0.3809
1	rs2789397	185814210	1	ADD	452	-0.08805	-1.242	0.2149
1	rs10798122	185851322	1	ADD	400	-0.03657	-0.4534	0.6505
1	rs17545946	185865085	3	ADD	450	0.001025	0.01612	0.9871
1	rs7536610	185865524	3	ADD	411	-0.01904	-0.2639	0.792
1	rs16827381	185866060	1	ADD	448	0.008053	0.1154	0.9082
1	rs10753015	185877855	3	ADD	424	0.1399	1.841	0.06633
1	rs12081962	185880294	3	ADD	428	-0.07681	-1.288	0.1986
1	rs7544694	185890807	3	ADD	453	0.04923	0.8582	0.3912
1	rs17606320	185891093	1	ADD	452	0.04706	0.8214	0.4118
1	rs7555018	185895340	2	ADD	394	0.09525	1.577	0.1156
1	rs6702865	185895393	2	ADD	446	-0.008717	-0.146	0.884
1	rs10494603	185896809	4	ADD	447	0.09296	1.58	0.1148
1	rs3120946	185917603	4	ADD	449	0.09304	1.595	0.1115
1	rs3120952	185922991	4	ADD	451	0.1771	2.209	0.02766
1	rs3127494	185923871	1	ADD	452	0.1802	2.254	0.02469
1	rs3120954	185924148	4	ADD	415	0.09233	1.543	0.1235
1	rs3120955	185924796	4	ADD	453	0.08942	1.532	0.1262
1	rs3127502	185928426	2	ADD	418	-0.08527	-1.495	0.1356
1	rs3127503	185928653	3	ADD	452	-0.07827	-1.422	0.1556
1	rs3120958	185928933	1	ADD	452	-0.08248	-1.492	0.1365
1	rs2383666	185933374	1	ADD	433	-0.07307	-1.335	0.1826
1	rs3120970	185941908	1	ADD	425	-0.0927	-1.631	0.1036
1	rs3120971	185943404	3	ADD	418	-0.09001	-1.583	0.1141
1	rs4501794	185943904	4	ADD	448	-0.08311	-1.142	0.2542
1	rs7543693	185946963	4	ADD	433	0.05176	0.8626	0.3888
1	rs6694965	185951954	1	ADD	445	-0.02765	-0.4016	0.6882
1	rs10912147	185952206	2	ADD	439	-0.05838	-0.8613	0.3895
1	rs7549682	185957596	1	ADD	453	-0.1055	-1.676	0.0945
1	rs10912160	185978340	1	ADD	412	-0.01921	-0.1839	0.8542
1	rs4620486	185978587	4	ADD	415	0.05509	0.5191	0.604
1	rs10753026	185991233	3	ADD	436	0.1558	2.129	0.03381
1	rs3095425	185996410	4	ADD	393	0.1188	1.544	0.1234
1	rs3127511	185997169	3	ADD	366	0.05789	0.6971	0.4862
1	rs2430121	185997663	4	ADD	443	-0.09889	-1.109	0.2681
1	rs2495445	185999224	2	ADD	443	-0.1159	-1.311	0.1907
1	rs2110036	185999499	2	ADD	440	-0.1238	-1.325	0.1858
1	rs2430117	185999833	3	ADD	454	-0.09283	-1.039	0.2994
1	rs3123041	186007055	1	ADD	450	0.01401	0.2432	0.808
1	rs9425376	186009222	4	ADD	454	-0.1412	-1.677	0.09426
1	rs1158512	186011246	2	ADD	453	-0.08502	-1.287	0.1989
1	rs1476901	186026968	2	ADD	452	0.1053	1.884	0.06027
1	rs980198	186037673	3	ADD	452	-0.08145	-0.6064	0.5446
1	rs3127536	186039502	1	ADD	447	-0.006631	-0.04237	0.9662
1	rs2430089	186045791	2	ADD	442	-0.01211	-0.08405	0.9331
1	rs2430088	186045934	4	ADD	443	0.001895	0.01283	0.9898
1	rs10798148	186046132	2	ADD	448	0.1175	2.035	0.04241
1	rs2430084	186047873	3	ADD	397	0.03608	0.1924	0.8475
1	rs6425134	186061575	4	ADD	448	-0.002809	-0.01989	0.9841
1	rs2495408	186063629	2	ADD	454	0.1206	2.142	0.03271
1	rs1035059	186063681	4	ADD	452	-0.0179	-0.1273	0.8988
1	rs2495407	186064204	4	ADD	452	0.1207	2.14	0.03288
1	rs2495474	186080561	4	ADD	453	0.1141	2.056	0.04032
1	rs2430149	186087885	2	ADD	436	0.1124	1.984	0.04789
1	rs2430129	186107176	2	ADD	447	0.1066	1.878	0.06105
1	rs2430128	186107431	2	ADD	450	-0.04588	-0.5169	0.6055
1	rs10912203	186111456	4	ADD	451	-0.1013	-0.8738	0.3827
1	rs800822	186112651	4	ADD	453	-0.0217	-0.2479	0.8043
1	rs800820	186112891	4	ADD	449	0.1145	2.055	0.04044
1	rs800819	186113061	1	ADD	448	-0.03113	-0.3477	0.7282
1	rs16827680	186119332	3	ADD	448	-0.1828	-1.788	0.07441
1	rs12024761	186133529	1	ADD	418	0.007533	0.1284	0.8979
1	rscc	186138275	3	ADD	450	0.1244	0.9394	0.348
1	rs10912209	186138742	3	ADD	452	0.04981	0.8016	0.4232
1	rs11591211	186139374	3	ADD	451	-0.02908	-0.5253	0.5996
1	rs800789	186139505	4	ADD	454	0.0281	0.3791	0.7048
1	rs800788	186139853	2	ADD	450	0.03477	0.3016	0.7631
1	rs2192124	186143236	1	ADD	402	0.04652	0.6301	0.529
1	rs2159879	186148059	2	ADD	446	0.03314	0.4389	0.661
1	rs621793	186155946	1	ADD	440	0.0287	0.4051	0.6856
1	rs16827732	186156435	2	ADD	446	0.04347	0.6144	0.5393
1	rs12406334	186164407	2	ADD	433	-0.04175	-0.7398	0.4598
1	rs620973	186164693	3	ADD	451	0.0423	0.6058	0.545
1	rs1368175	186170421	1	ADD	445	-0.12	-0.9571	0.3391
1	rs7555878	186172657	1	ADD	448	-0.06386	-0.9877	0.3238
1	rs4650746	186174360	1	ADD	412	-0.09363	-1.375	0.1697
1	rs1432437	186175036	1	ADD	433	-0.1151	-1.735	0.08346
1	rs1159069	186178881	2	ADD	445	-0.08268	-1.241	0.2152
1	rs2195856	186189499	1	ADD	452	-0.09081	-1.375	0.1697
1	rs16827910	186225859	1	ADD	441	-0.05374	-0.6827	0.4951
1	rs12404590	186251040	1	ADD	366	-0.07547	-1.232	0.2187
1	rsdd	186263976	1	ADD	452	0.1418	2.302	0.02177
1	rs673503	186290345	1	ADD	444	-0.09635	-1.408	0.1598
1	rs17477188	186291217	2	ADD	452	0.08128	0.945	0.3452
1	rs6425140	186291960	4	ADD	448	-0.0479	-0.8045	0.4215
1	rs1323012	186304556	4	ADD	450	-0.07649	-1.38	0.1682
1	rs6656564	186313737	4	ADD	447	-0.04615	-0.474	0.6358
1	rs12027596	186314690	3	ADD	442	0.003885	0.03884	0.969
1	rs10798164	186314719	3	ADD	450	-0.06748	-1.221	0.2226
1	rs7523908	186315053	2	ADD	450	-0.07198	-1.31	0.1908
1	rs4650754	186338589	1	ADD	434	-0.06659	-1.205	0.2288
1	rs6676981	186342220	1	ADD	447	-0.06088	-0.6931	0.4886
1	rs4651434	186342643	2	ADD	452	-0.05414	-0.9109	0.3628
1	rs12756923	186363979	4	ADD	435	-0.0844	-1.51	0.1317
1	rs10912248	186364884	3	ADD	404	-0.05035	-0.8182	0.4137
1	rs10912249	186365064	1	ADD	448	-0.07991	-1.465	0.1436
1	rs12144493	186366826	2	ADD	379	0.07876	0.8382	0.4025
1	rs12144383	186372427	4	ADD	417	0.07003	0.9538	0.3408
1	rs16828130	186376562	1	ADD	448	-0.08025	-0.9037	0.3666
1	rs10489767	186384197	3	ADD	436	0.07848	1.1	0.2721
1	rs7542390	186384333	2	ADD	446	-0.136	-1.546	0.1229
1	rs2632538	186389070	4	ADD	440	0.08506	1.226	0.221
1	rs1032213	186390549	1	ADD	381	0.1379	1.755	0.08007
1	rs1982792	186391188	3	ADD	448	-0.05245	-0.9246	0.3557
1	rs7542386	186391289	1	ADD	445	-0.08545	-0.9553	0.34
1	rs7554161	186391405	2	ADD	432	-0.06629	-0.7261	0.4682
1	rs354250	186393962	3	ADD	442	0.08683	1.246	0.2134
1	rs354252	186395739	3	ADD	436	-0.07365	-1.346	0.1791
1	rs4119317	186396128	1	ADD	429	-0.04808	-0.8092	0.4188
1	rs17539220	186399057	1	ADD	451	0.08018	1.15	0.2509
1	rs12040679	186401551	4	ADD	450	-0.07261	-0.8235	0.4106
1	rs12026700	186401692	1	ADD	450	-0.1051	-1.201	0.2305
1	rs7521282	186409688	4	ADD	454	-0.1207	-1.247	0.2129
1	rs354253	186409728	1	ADD	451	-0.04615	-0.608	0.5435
1	rs1011552	186417274	1	ADD	453	-0.04591	-0.8015	0.4232
1	rs10494612	186421928	4	ADD	448	0.05324	0.7888	0.4306
1	rs4082456	186423219	2	ADD	444	-0.05675	-0.9719	0.3316
1	rs2009701	186431820	2	ADD	429	0.04231	0.5003	0.6171
1	rs16829130	186434870	1	ADD	451	-0.08976	-0.871	0.3842
1	rs2931610	186479724	3	ADD	444	-0.03646	-0.5813	0.5613
1	rs1843857	186505180	1	ADD	451	0.07453	1.276	0.2025
1	rs10912297	186505462	3	ADD	420	-0.1477	-1.165	0.2446
1	rs3011961	186507816	4	ADD	453	0.08223	1.41	0.1593
1	rs3010656	186514840	4	ADD	450	0.09183	1.577	0.1155
1	rs4276872	186518517	1	ADD	403	-0.08179	-1.144	0.2535
1	rs12041896	186518785	1	ADD	438	-0.03038	-0.4247	0.6712
1	rs4517311	186518848	2	ADD	445	0.1646	2.03	0.04297
1	rs4278334	186518882	3	ADD	452	0.1295	1.948	0.05206
1	rs16828505	186537270	4	ADD	447	-0.03414	-0.1874	0.8514
1	rs6425170	186563208	2	ADD	454	0.1336	1.601	0.11
1	rs10912317	186563331	3	ADD	453	0.03916	0.5685	0.5699
1	rs7538400	186568594	4	ADD	441	0.04194	0.6973	0.486
1	rs7539680	186584179	3	ADD	451	0.1525	1.807	0.07137
1	rs4282763	186587538	4	ADD	435	0.05048	0.8329	0.4053
1	rs12131112	186591627	1	ADD	423	0.0439	0.642	0.5212
1	rs12119593	186595166	1	ADD	449	0.05094	0.8518	0.3948
1	rs1387343	186595273	4	ADD	450	0.05455	0.9115	0.3625
1	rs12119651	186595319	1	ADD	437	0.05752	0.9501	0.3426
1	rs6425175	186595532	2	ADD	415	-0.08402	-1.487	0.1377
1	rs12742018	186600933	2	ADD	440	0.04386	0.6732	0.5012
1	rs7554509	186601635	4	ADD	452	-0.08027	-1.469	0.1426
1	rs12036328	186605379	3	ADD	445	0.004677	0.08138	0.9352
1	rs12730393	186605597	1	ADD	389	0.06793	0.994	0.3208
1	rs12133558	186622464	2	ADD	444	-0.001197	-0.02071	0.9835
1	rs1542712	186624777	1	ADD	445	-0.1074	-1.004	0.3159
1	rs2312269	186625926	4	ADD	452	-0.1143	-1.08	0.2807
1	rs10753046	186631148	3	ADD	453	0.1526	1.817	0.06991
1	rs6425178	186632905	2	ADD	454	0.05665	0.7498	0.4538
1	rs3919967	186638225	1	ADD	448	0.05737	0.7414	0.4588
1	rs12569034	186648574	2	ADD	452	-0.04001	-0.3975	0.6912
1	rs12091812	186648663	2	ADD	452	-0.06023	-1.094	0.2745
1	rs1565272	186649670	1	ADD	438	0.08519	1.106	0.2692
1	rs7541884	186657852	1	ADD	419	-0.1664	-1.556	0.1204
1	rs957553	186692232	2	ADD	453	0.07634	1.171	0.2421
1	rs6683655	186703225	1	ADD	419	-0.07619	-1.31	0.1909
1	rs4396083	186714846	1	ADD	452	-0.0707	-1.257	0.2092
1	rs172235	186726999	2	ADD	442	0.03066	0.4666	0.641
1	rs2170561	186729667	1	ADD	444	0.001396	0.01532	0.9878
1	rs284077	186732566	2	ADD	408	0.0835	1.298	0.1952
1	rs1906767	186756777	4	ADD	403	-0.04793	-0.4496	0.6532
1	rs16828904	186770248	3	ADD	453	0.03348	0.3498	0.7267
1	rs4651456	186780379	3	ADD	441	-0.06697	-1.183	0.2375
1	rs7543779	186780974	3	ADD	449	-0.05537	-0.9672	0.334
1	rs10912432	186781045	2	ADD	442	-0.06582	-1.149	0.2513
1	rs10912436	186791919	2	ADD	453	-0.02207	-0.2119	0.8323
1	rs10912439	186792119	1	ADD	359	-0.07207	-0.4894	0.6249
1	rs2312525	186798785	2	ADD	448	0.0454	0.4383	0.6614
1	rs4585932	186799006	3	ADD	355	-0.00857	-0.06114	0.9513
1	rs2312523	186799117	3	ADD	454	-0.02067	-0.1984	0.8428
1	rs4504846	186799142	1	ADD	395	-0.1199	-0.7479	0.4549
1	rs10912450	186799923	3	ADD	451	-0.01963	-0.1884	0.8506
1	rs2312519	186800462	4	ADD	448	-0.0149	-0.1402	0.8886
1	rs1384352	186801282	3	ADD	453	-0.02762	-0.2634	0.7924
1	rs7545132	186803065	3	ADD	445	-0.006641	-0.06046	0.9518
1	rs2312509	186808432	3	ADD	423	-0.02013	-0.1669	0.8675
1	rs10753059	186810429	4	ADD	454	-0.02067	-0.1984	0.8428
1	rs10912456	186822910	2	ADD	451	0.05307	0.9449	0.3452
1	rs7414579	186835427	2	ADD	453	0.08448	1.472	0.1416
1	rs10798234	186835563	3	ADD	452	0.0823	1.246	0.2133
1	rs1902886	186850539	1	ADD	422	0.08146	1.438	0.1512
1	rs10912461	186884420	3	ADD	447	0.01529	0.2684	0.7885
1	rs4623656	186887183	3	ADD	421	0.0241	0.4195	0.6751
1	rs2312283	186896380	3	ADD	446	-0.1659	-2.165	0.03088
1	rs12024989	186901673	2	ADD	451	-0.09442	-1.701	0.0897
1	rs6692148	186906636	2	ADD	454	0.01377	0.1773	0.8594
1	rs12131857	186937678	3	ADD	450	0.1329	1.95	0.05175
1	rs6428056	186938729	4	ADD	453	0.1358	1.996	0.04651
1	rs4397657	186939160	3	ADD	452	0.1364	2.008	0.04528
1	rs4480360	186939204	3	ADD	453	0.1313	1.917	0.05591
1	rs2100667	186940117	3	ADD	454	0.1317	1.922	0.05518
1	rs10921075	186945540	2	ADD	452	0.1268	2.042	0.04174
1	rs10922272	187001944	1	ADD	408	0.1145	1.993	0.04697
1	rs10754227	187001959	4	ADD	415	0.1471	2.573	0.01044
1	rs4439360	187018003	4	ADD	451	-0.1388	-2.42	0.01593
1	rs7416242	187031679	2	ADD	438	0.03122	0.4966	0.6197
1	rs16829456	187102823	3	ADD	436	0.2689	1.645	0.1007
1	rsee	187114137	3	ADD	434	0.233	1.616	0.1068
1	rs10801058	187213076	1	ADD	442	0.0626	1.139	0.2552
1	rs10920995	187213302	2	ADD	445	0.07615	1.379	0.1685
1	rs12757118	187234323	2	ADD	407	0.1063	1.888	0.05969
1	rs2861426	187251016	3	ADD	429	0.09216	1.622	0.1055
1	rs10921102	187261219	3	ADD	450	0.08328	1.505	0.1331
1	rs10921112	187264491	2	ADD	453	0.1445	2.622	0.009041
1	rs10921116	187264668	4	ADD	418	0.1424	2.514	0.0123
1	rs10921121	187269394	4	ADD	358	0.1259	2.173	0.03047
1	rs6428096	187276963	4	ADD	447	0.137	2.514	0.0123
1	rs1912923	187288611	3	ADD	438	0.1537	2.822	0.004998
1	rs12046366	187289222	3	ADD	445	0.1389	2.556	0.01091
