symbol	Young_1	Young_2	Young_3	Young_4	Young_5	Young_6	Aged_1	Aged_2	Aged_3	Aged_4	Aged_5	Aged_6
mmu-let-7g-5p	15.2	15.28	14.83	15.5	15.66	15.14	15.9	15.57	15.49	15.49	15.21	15.21
mmu-let-7i-5p	15.74	15.89	15.46	16.08	16.33	15.64	16.46	16.12	16.06	16.15	16.08	15.89
mmu-miR-1a-3p	16.49	16.84	16.57	16.36	16.33	17.15	16.5	16.75	17.11	16.71	16.91	16.76
mmu-miR-1a-3p	16.43	16.97	16.45	16.37	16.32	17.13	16.46	16.77	17.1	16.65	17	16.78
mmu-miR-15b-5p	8.81	8.93	8.25	8.74	9.02	8.41	8.85	8.22	8.94	8.21	8.56	6.68
mmu-miR-23b-3p	14.71	14.14	14.22	14.87	14.62	14.36	14.68	14.42	14.52	14.5	14.65	14.75
mmu-miR-27b-3p	19.29	19.34	18.88	19.57	19.7	18.99	19.55	19.54	19.41	19.57	19.5	19.44
mmu-miR-29b-3p	10.4	9.54	9.18	10.48	10.95	10.41	10.51	10.66	10.56	10.72	10.08	10.94
mmu-miR-29b-3p	9.85	9.54	8.77	9.68	10.88	10.32	11	10.54	10.53	10.43	11.49	10.79
mmu-miR-30a-5p	20.52	20.65	20.69	20.95	20.72	20.73	20.66	20.94	20.87	20.87	21.02	21.02
mmu-miR-30a-3p	15.36	15.3	15.4	15.52	15.74	15.15	15.57	15.55	15.55	15.66	15.64	15.69
mmu-miR-30b-5p	14.25	14.81	14.42	14.78	15.02	14.75	14.61	14.31	14.41	14.33	14.34	14.37
mmu-miR-99a-5p	15.72	15.44	15.93	15.11	14.9	15.05	14.99	15.16	15.16	15.18	15.23	15.5
mmu-miR-99b-5p	17.5	16.93	17.47	15.92	15.55	16.22	16.13	16.11	15.86	16.15	15.96	16.61
mmu-miR-101a-3p	16.96	17.01	16.94	17	17.19	16.74	17.09	16.99	17.06	17.09	17.13	16.96
mmu-miR-124-3p	6.37	0	0	0	0	2.94	5.91	6.2	6.15	0	0	5.24
mmu-miR-124-3p	6.37	7.75	0	0	0	0	0	0	6.15	0	0	0
mmu-miR-124-3p	6.37	6.75	0	0	0	2.94	0	5.2	6.6	5.35	0	0
mmu-miR-125a-5p	16.54	16.34	15.81	15.31	16.01	15.12	16.47	15.76	15.71	15.78	15.45	15.59
mmu-miR-125b-5p	14.91	14.67	14.64	14.19	15.01	14.37	15	14.67	14.71	14.87	14.26	14.78
mmu-miR-125b-5p	14.84	14.84	14.47	14.17	14.97	14.32	15.08	14.7	14.69	14.85	14.47	14.76
mmu-miR-126a-5p	18.14	18.32	18.09	18.66	18.35	18.34	18.38	18.31	18.18	18.32	18.34	18.23
mmu-miR-126a-3p	14.97	15.14	14.81	15.34	15.52	15.23	15.33	15.24	15.27	15.13	15.21	15.06
mmu-miR-127-3p	16.19	16.2	16.16	16.02	15.85	15.82	15.62	14.92	15.22	15.45	15.41	15.2
mmu-miR-128-3p	12.1	12.2	11.41	12.77	12.83	11.99	12.34	11.96	12.13	12.06	11.8	11.53
mmu-miR-128-3p	11.54	11.27	11.02	11.27	12.23	11.48	12.09	11.58	11.56	11.36	11.63	11.26
mmu-miR-130a-3p	11.39	11.52	11.64	12.5	12.51	11.55	12.23	11.78	11.88	12.04	11.37	12.31
mmu-miR-9-5p	7.74	6.54	0	8.68	0	0	6.28	5.99	7.73	7.46	0	5.03
mmu-miR-9-5p	8.15	7.54	0	0	6.63	2.73	6.28	5.99	7.48	6.14	0	6.03
mmu-miR-9-5p	7.15	7.54	0	7.68	6.63	5.54	7.28	6.99	7.18	6.72	0	7.35
mmu-miR-9-3p	0	0	0	0	0	0	0	0	0	0	0	0
mmu-miR-9-3p	0	0	0	0	0	0	0	0	0	0	0	0
mmu-miR-9-3p	0	0	0	0	0	0	4.77	0	3.55	0	0	0
mmu-miR-132-3p	8.81	0	7.25	7.74	0	7.93	9.9	9.05	9.22	9.21	9.56	8.8
mmu-miR-133a-3p	21.12	21.22	21.06	21.43	21.77	21.42	21.24	21.09	21.24	21.28	21.14	21.01
mmu-miR-133a-3p	21.1	21.22	21.05	21.44	21.77	21.42	21.23	21.09	21.24	21.27	21.13	21.01
mmu-miR-134-5p	0	6.61	7.25	7.74	0	7.19	6.77	7.05	7.19	7.79	0	6.68
mmu-miR-135a-5p	0	6.54	0	0	0	0	0	4.99	4.07	0	0	5.03
mmu-miR-135a-5p	0	6.54	0	0	0	0	4.7	0	0	5.14	0	0
mmu-miR-136-5p	11.13	10.93	11.42	11.33	11.45	10.92	9.41	8.96	9.53	9.85	10.15	9.56
mmu-miR-137-3p	0	0	0	0	0	0	4.7	4.99	0	5.14	0	0
mmu-miR-138-5p	6.15	8.13	0	7.68	8.95	6.73	7.7	4.99	7.39	7.46	9.49	5.03
mmu-miR-138-5p	7.15	8.13	7.18	0	8.63	6.98	8.02	6.57	6.94	7.72	0	7.62
mmu-miR-140-5p	7.81	9.42	9.57	9.74	0	9.19	9.16	9.7	9.06	9.38	10.15	9.56
mmu-miR-140-3p	12.94	13.04	12.88	13.62	13.31	12.89	13.39	13.28	13.3	13.35	12.95	13.72
mmu-miR-141-3p	6.22	0	0	0	0	6.12	0	7.05	6.01	6.79	0	8.1
mmu-miR-142-5p	12.92	12.66	12.08	13.6	12.98	12.98	13.83	13.85	13.46	13.12	12.22	12.88
mmu-miR-142-3p	8.96	8.54	7.18	8.68	8.63	9.19	9.09	9.84	8.55	8.46	8.49	9.28
mmu-miR-144-3p	10.54	10.75	11.2	10.89	10.54	10.4	10.47	10.37	10.18	9.6	8.71	10.15
mmu-miR-145a-5p	13.51	13.78	13.45	14.07	13.36	13.59	13.36	13.13	13.18	13.21	13.02	13.27
mmu-miR-146a-5p	10.92	11	10.42	12.5	11.02	12.99	11.8	12.15	13.4	12.49	13.61	13.14
mmu-miR-149-5p	13.7	13.9	13.14	13.2	14.17	13.26	13.98	13.23	13.38	13.64	13.3	13.15
mmu-miR-150-5p	11.75	12.2	11.78	12.65	12.63	11.98	12.93	11.75	11.78	11.87	12.47	11.14
mmu-miR-151-3p	16.35	16.49	16.56	16.26	16.38	16.09	16.59	16.33	16.29	16.42	16.41	16.12
mmu-miR-152-3p	11.25	11	10.91	11.27	10.68	11.39	11.85	11.33	11.44	11.43	11.44	11.9
mmu-miR-153-3p	0	0	0	0	6.7	5.12	6.35	6.64	5.55	6.79	0	6.1
mmu-miR-154-5p	6.22	0	7.25	0	0	6.71	4.77	0	3.55	0	8.56	0
mmu-miR-155-5p	9.74	9.13	8.18	10	9.44	9.47	10.22	10.23	9.91	9.72	10.82	9.62
mmu-miR-10b-5p	22.55	22.33	23.2	22.27	21.94	22.57	22.05	22.39	22.46	22.57	22.55	22.89
mmu-miR-129-5p	0	0	0	0	0	0	0	5.12	0	0	0	0
mmu-miR-129-5p	6.29	0	0	0	0	0	0	0	2.62	0	0	0
mmu-miR-181a-5p	16.94	17.13	16.73	17.16	17.17	16.5	16.97	17.11	17	17.1	17.08	16.71
mmu-miR-181a-5p	16.94	17.14	16.68	17.25	17.22	16.51	17.02	17.15	16.97	17.15	17.03	16.66
mmu-miR-182-5p	11.2	10.67	11.92	11.25	11.21	8.03	11.54	9.91	9.32	11.83	12.18	12.25
mmu-miR-183-5p	10.54	9.2	11.25	11.2	9.28	7.66	10.44	8.86	7.36	10.91	11.37	11.59
mmu-miR-184-3p	0	0	0	0	0	4.38	5.77	0	4.55	6.21	0	0
mmu-miR-185-5p	8.81	8.2	9.25	7.74	9.02	9.03	9.29	9.45	8.89	9.29	8.56	9.42
mmu-miR-186-5p	15.29	15.56	15.27	15.8	15.65	15.62	15.25	15.17	15.1	15.18	15.19	15.25
mmu-miR-187-3p	6.22	0	0	7.74	0	5.38	4.77	5.05	5.87	6.21	0	0
mmu-miR-188-5p	0	0	0	7.81	0	6.19	4.84	5.12	5.79	6.28	0	5.17
mmu-miR-24-1-5p	8.15	7.54	8.77	0	7.63	7.69	8.28	7.57	7.88	8.46	0	8.94
mmu-miR-24-3p	13.32	13.32	13.3	13.81	13.14	13.8	13.27	13.55	13.63	13.72	13.61	14.04
mmu-miR-24-3p	13.42	13.4	13.36	13.55	13.31	13.86	13.36	13.82	13.59	13.52	14.21	14.09
mmu-miR-190a-5p	9.39	9.2	10.25	10.07	9.51	9.62	9.57	8.64	8.98	7.53	8.56	8.8
mmu-miR-191-5p	18.55	18.51	18.76	18.66	18.31	18.76	18.29	18.48	18.31	18.56	18.53	18.7
mmu-miR-193a-3p	10.39	11.37	11.42	11.33	12.19	10.9	11.09	9.91	10.02	10.76	10.15	10.27
mmu-miR-194-5p	9.22	9.2	8.25	10.33	9.28	9.24	9.01	8.64	8.8	9.38	8.56	9.56
mmu-miR-194-5p	8.22	8.2	9.25	9.33	9.28	9.29	8.85	8.96	9.49	9.53	8.56	9.56
mmu-miR-195a-5p	12.89	12.41	12.49	13.21	12.72	12.95	12.88	12.94	12.98	12.74	12.95	13.36
mmu-miR-199a-5p	11.28	10.86	10.35	11.76	12.3	11.9	11.74	11.6	11.31	11.5	11.49	12.04
mmu-miR-199a-5p	11.36	11.19	11.09	11.58	12.56	11.85	11.59	11.71	11.23	11.46	12.08	11.9
mmu-miR-199a-3p	13.81	13.79	13.94	14.22	14.26	14.05	14.09	13.96	13.75	13.97	13.99	14.53
mmu-miR-199a-3p	13.77	13.69	13.91	14.1	14.17	14.05	14.05	14.01	13.68	13.85	14.15	14.54
mmu-miR-200b-3p	0	0	0	0	0	2.8	4.77	0	0	0	0	5.1
mmu-miR-201-5p	0	0	0	0	0	2.8	0	0	0	0	0	0
mmu-miR-202-3p	0	0	0	0	0	0	0	0	0	0	0	0
mmu-miR-203-3p	10.47	10.2	8.84	10.55	10.51	9.85	11.03	10.73	10.86	11.06	10.15	11.12
mmu-miR-204-5p	12.31	12.54	12.01	12.44	12.58	12.45	12.84	12.51	12.49	12.88	12.88	13.32
mmu-miR-205-5p	0	0	0	0	6.7	0	0	0	0	5.21	0	6.68
mmu-miR-206-3p	8.81	10.93	7.25	10.07	9.02	9.5	10.32	11.39	10.98	10.91	11.15	10.74
mmu-miR-207	0	0	0	0	0	0	0	0	0	0	0	0
mmu-miR-122-5p	0	0	0	0	0	0	4.77	0	0	0	0	5.1
mmu-miR-143-3p	22.48	22.26	22.3	22.37	21.89	21.97	22.19	22.33	22.5	22.42	22.54	22.29
mmu-miR-30e-5p	17.3	17.65	17.3	17.75	17.78	17.8	17.55	17.31	17.52	17.34	17.28	17.24
mmu-miR-30e-3p	13.81	13.48	13.56	13.97	13.8	13.35	13.89	13.8	13.91	14.02	13.56	13.55
mmu-miR-290a-5p	0	0	0	0	0	0	0	0	0	0	0	0
mmu-miR-291a-5p	0	0	0	0	0	0	0	0	0	0	0	0
mmu-miR-291a-3p	0	0	0	0	0	0	0	0	0	0	0	0
mmu-miR-292-5p	0	0	0	0	0	0	0	0	0	0	0	0
mmu-miR-292-3p	0	0	0	0	0	0	0	0	0	0	0	0
mmu-miR-293-3p	0	0	0	0	0	0	0	0	0	0	0	0
mmu-miR-294-3p	0	0	0	0	0	0	0	0	0	0	0	0
mmu-miR-295-3p	0	0	0	0	0	0	0	0	0	0	0	0
mmu-miR-296-5p	0	0	0	0	0	3.87	0	0	4.21	0	0	5.17
mmu-miR-297a-5p	0	0	0	0	0	0	0	0	0	0	0	0
mmu-miR-297a-5p	0	0	0	0	0	0	0	0	0	0	0	0
mmu-miR-297a-5p	0	0	0	0	0	0	0	0	0	0	0	0
mmu-miR-297a-5p	0	0	0	0	0	0	0	0	0	0	0	0
mmu-miR-298-5p	7.74	6.54	0	0	8.95	7.69	5.7	4.99	7.57	8.14	0	6.03
mmu-miR-299a-5p	7.22	0	0	0	0	5.38	0	5.05	5.13	0	0	5.1
mmu-miR-300-3p	9.81	9.2	8.84	9.74	10.51	9.68	9.47	8.38	9.26	9.79	9.56	9.27
mmu-miR-301a-3p	11.48	11.59	11.83	12.43	12.15	11.99	11.97	11.83	11.8	11.83	12.4	11.83
mmu-miR-302a-3p	0	0	0	0	0	0	0	0	0	0	0	0
mmu-miR-34c-5p	6.15	8.13	7.18	7.68	6.63	7.49	9.28	8.69	8.41	8.46	10.08	7.35
mmu-miR-34b-5p	0	0	0	0	0	2.73	0	0	4.07	5.14	0	0
mmu-let-7d-5p	14.31	14.34	13.94	14.24	14.93	14.54	14.87	14.63	14.6	14.57	14.52	14.29
mmu-let-7d-3p	12.85	12.63	12.61	12.7	12.87	12.38	13.03	13.11	13.17	13.05	12.56	12.47
mmu-miR-106a-5p	0	0	0	0	0	2.73	0	0	4.07	0	0	0
mmu-miR-106b-5p	9.29	9	8.32	9.4	10.09	9.89	9.48	9.93	9.24	9.6	10.63	9.69
mmu-miR-130b-3p	0	6.61	0	0	0	4.38	5.77	6.05	6.25	6.21	0	5.1
mmu-miR-19b-3p	9.32	9.86	9.77	7.68	10.33	9.78	10.28	9.45	9.46	9.66	9.49	9.84
mmu-miR-19b-3p	9.15	9.86	8.77	9.68	9.63	9.73	9.87	9.89	9.62	9.23	8.49	9.2
mmu-miR-30c-5p	15.74	16.05	15.72	16.25	16.43	16.18	16.08	15.7	15.78	15.76	15.7	15.69
mmu-miR-30c-5p	15.75	16.14	15.79	16.32	16.49	16.21	16.14	15.72	15.8	15.83	15.62	15.68
mmu-miR-30d-5p	17.7	17.77	17.38	18.25	18.11	17.98	17.89	17.81	17.95	17.77	17.95	17.76
mmu-miR-148a-3p	15.62	15.19	15.4	15.92	16.05	15.2	14.92	14.39	15.04	15.18	14.83	15.36
mmu-miR-192-5p	14.63	14.75	14.58	14.49	14.61	14.48	14.86	14.71	14.93	14.82	14.86	14.64
mmu-miR-196a-5p	12.85	13.16	12.5	13.33	13.58	13.05	13.35	13.04	13.12	13.4	13.15	13.1
mmu-miR-196a-5p	13.34	13.72	13.56	13.67	14.03	13.72	14.04	13.84	13.66	13.87	13.77	13.49
mmu-miR-200a-3p	0	0	0	0	0	0	4.77	0	3.55	0	0	0
mmu-miR-208a-3p	0	0	0	0	0	0	0	0	0	0	0	0
mmu-let-7a-5p	15.31	15.37	15.17	15.49	15.83	15.33	16.14	15.67	15.68	15.74	15.64	15.51
mmu-let-7a-5p	15.28	15.45	15.06	15.51	15.68	15.28	16.15	15.74	15.66	15.7	15.42	15.39
mmu-let-7b-5p	13.94	14.09	13.76	14.33	14.33	14.06	14.36	14.14	14.01	14.22	14.32	14.18
mmu-let-7c-5p	14.83	15.05	14.57	15.26	15.34	14.91	15.67	15.23	15.04	15.24	14.95	15.2
mmu-let-7c-5p	14.82	14.95	14.7	15.22	15.26	14.89	15.61	15.14	14.98	15.22	15.12	15.03
mmu-let-7e-5p	11.39	12.13	11.16	11.83	11.95	11.7	12.03	12.11	11.94	11.99	11.56	11.37
mmu-let-7f-5p	17.02	17.22	16.95	17.1	17.23	16.91	17.61	17.36	17.44	17.39	17.3	17.09
mmu-let-7f-5p	17.11	17.21	16.9	17.17	17.32	17	17.68	17.47	17.53	17.49	17.26	17.13
mmu-miR-15a-5p	12	12	11.5	12.33	12.53	12.24	12.28	12.17	12.16	12.18	12.02	12.23
mmu-miR-16-5p	15.17	15.27	15	15.61	15.59	15.53	15.5	15.35	15.38	15.36	15.34	15.41
mmu-miR-16-5p	15.11	15.2	15.16	15.82	15.62	15.51	15.5	15.38	15.39	15.34	15.52	15.39
mmu-miR-18a-5p	6.15	6.54	0	7.68	7.63	6.64	7.02	5.99	6.18	0	0	6.03
mmu-miR-20a-5p	9.74	11.07	10.18	10.68	9.95	10.38	10.09	9.74	9.9	9.95	0	9.99
mmu-miR-21a-5p	16.44	16.46	16.3	16.68	17.05	16.56	17.09	16.46	16.75	16.72	16.49	16.49
mmu-miR-22-3p	21.88	22.05	21.65	22.43	22.66	22.2	22.43	22.06	22.14	22.24	22.11	21.91
mmu-miR-23a-3p	13.61	13.76	13.47	14.38	14.12	14.04	14.25	14.33	14.15	14.31	14.28	14.35
mmu-miR-26a-5p	19.2	19.23	19.07	19.54	19.82	19.4	19.45	19.38	19.37	19.45	19.49	19.41
mmu-miR-26a-5p	19.19	19.22	19.09	19.59	19.86	19.41	19.43	19.39	19.37	19.44	19.44	19.44
mmu-miR-26b-5p	15.72	15.94	15.7	16.31	16.09	15.94	16.2	16.17	16.03	15.95	16.13	16.16
mmu-miR-29a-3p	15.56	15.64	15.59	16.28	16.72	16.29	16.61	16.24	16.2	16.34	16.16	16.25
mmu-miR-29c-3p	13.64	13.93	13.85	14.31	14.76	14.7	14.56	14.3	14.39	14.37	14.44	14.4
mmu-miR-27a-3p	14.83	15.14	14.4	15.29	15.26	15.07	15.26	15.32	15.16	15.24	15.19	15.36
mmu-miR-31-5p	6.22	6.61	0	0	0	5.97	4.77	7.86	5.36	7.21	8.56	0
mmu-miR-92a-3p	15.78	15.96	15.24	15.58	16.19	15.49	16.51	16.21	16.09	16.19	15.94	15.7
mmu-miR-92a-3p	11.91	11.89	10.78	12.06	12.23	11.45	12.3	11.65	11.76	11.74	10.95	11
mmu-miR-93-5p	12.26	12.1	12.39	12.76	12.88	12.42	12.68	12.51	12.29	12.49	11.3	12.15
mmu-miR-96-5p	6.15	0	7.18	7.68	0	2.73	0	0	2.48	5.14	0	0
mmu-miR-34a-5p	9.68	9.2	7.25	10.07	9.51	10.1	10.57	10.48	10.28	10.53	11.15	10.71
mmu-miR-129-2-3p	0	0	0	0	0	0	0	5.05	0	0	0	0
mmu-miR-98-5p	12.54	12.59	12.16	12.55	12.56	12.23	12.93	12.4	12.54	12.62	12.26	12.58
mmu-miR-103-3p	12.83	12.9	12.86	13.26	13.14	12.78	13.2	12.85	12.84	12.98	12.58	12.61
mmu-miR-103-3p	12.85	12.77	12.91	13.17	12.88	12.83	13.21	12.86	12.9	12.96	12.95	13.09
mmu-miR-322-5p	12.53	12.91	12.38	13.33	13.04	12.95	12.99	12.94	12.83	12.73	12.95	12.65
mmu-miR-322-3p	10.75	10.49	11.02	10.81	9.94	10.08	10.16	10.25	10.25	10.56	11.22	9.69
mmu-miR-323-3p	0	0	7.32	0	0	0	0	0	0	0	0	0
mmu-miR-324-5p	8.74	6.54	0	9.68	0	8.88	8.87	8.89	8.84	7.95	8.49	8.62
mmu-miR-324-3p	6.37	0	0	7.89	0	6.94	6.5	8.01	6.94	6.94	0	7.24
mmu-miR-325-5p	0	0	0	0	0	0	0	0	2.48	0	0	0
mmu-miR-326-3p	0	6.68	0	0	8.35	7.51	7.42	6.71	5.62	6.86	0	0
mmu-miR-328-3p	12.24	12.84	12.34	12.27	12.85	12.42	12.8	12.31	12.44	12.56	12.56	12.32
mmu-miR-329-3p	0	0	0	0	6.7	4.8	5.77	0	3.55	6.21	0	0
mmu-miR-330-3p	7.15	0	7.18	0	0	4.73	4.7	4.99	5.65	6.72	0	5.03
mmu-miR-331-3p	9.61	10.27	10.78	9.4	9.09	9.61	10.3	9.65	9.32	9.8	0	8.75
mmu-miR-337-3p	7.29	7.68	7.32	8.81	8.35	7.45	4.84	7.12	5.62	6.28	0	5.17
mmu-miR-148b-3p	13.89	13.61	13.68	14.14	13.47	14.04	13.66	13.44	13.7	13.64	14.05	13.98
mmu-miR-338-3p	12.05	12.1	12.54	12.39	13.22	12.04	12.79	11.75	12.18	12.92	12.95	12.96
mmu-miR-339-5p	8.74	9.54	8.18	10	10.09	9.24	9.28	9.31	9.45	10.18	9.49	9.79
mmu-miR-340-3p	8.54	9.2	8.84	9.33	8.28	8.26	8.94	7.86	8.22	8.53	0	8.56
mmu-miR-341-3p	7.29	6.68	8.91	7.81	6.77	6.33	7.64	7.45	6.32	6.86	0	7.17
mmu-miR-342-3p	10.06	10.86	9.99	10.26	10.44	10.55	10.06	10.41	9.83	9.6	10.49	10.35
mmu-miR-344-3p	0	0	0	0	0	0	0	0	0	0	0	0
mmu-miR-344-3p	6.15	0	0	0	0	0	0	0	0	0	0	0
mmu-miR-345-5p	10.22	9.2	9.25	10.07	9.87	9.75	8.94	9.86	9.32	9.67	9.56	9.1
mmu-miR-346-5p	0	0	0	0	0	0	4.7	0	0	0	0	0
mmu-miR-350-3p	7.22	6.61	9.57	10.07	8.28	8.53	7.94	7.86	8.64	8.01	0	8.56
mmu-miR-351-5p	11.45	11.97	11.88	11.7	11.57	11.36	11.95	11.81	11.59	11.97	11.6	11.48
mmu-miR-135b-5p	0	6.54	0	0	0	0	0	0	0	0	0	0
mmu-miR-101b-3p	14.82	14.88	14.79	14.72	14.89	14.48	14.43	14.48	14.62	14.53	14.63	14.45
mmu-miR-107-3p	10.24	11.07	9.99	10.85	11.15	10.56	11.06	10.69	10.82	10.66	10.82	11.05
mmu-miR-10a-5p	20.1	20.1	20.45	20.02	19.38	20.1	19.69	20.27	20.04	20.11	20.25	20.48
mmu-miR-17-5p	9.32	8.86	9.51	8.68	9.22	9.5	8.95	8.89	9.38	9.05	8.49	8.73
mmu-miR-17-3p	6.22	6.61	0	0	0	6.12	6.35	6.05	6.13	6.21	0	6.68
mmu-miR-19a-3p	6.15	6.54	7.18	7.68	6.63	7.69	8.02	6.99	7.34	8.14	0	6.03
mmu-miR-25-3p	13.71	13.71	13.3	13.91	13.92	13.7	14.24	14.11	14.03	14.18	14.05	13.95
mmu-miR-28a-5p	11.92	11.65	11.42	11.44	11.83	11.68	11.37	11.3	11.63	11.29	11.37	11.31
mmu-miR-32-5p	6.22	0	0	7.74	6.7	7.5	6.35	6.05	6.94	7.53	0	7.42
mmu-miR-100-5p	17.58	16.96	17.33	16.46	16.21	16.39	16.31	16.41	16.45	16.56	16.49	16.95
mmu-miR-139-5p	11.03	11.2	10.84	10.07	11.22	10.82	10.85	10.86	11	10.76	11.73	10.88
mmu-miR-200c-3p	0	0	0	0	0	3.73	0	0	2.48	5.14	0	0
mmu-miR-210-3p	6.22	8.2	8.84	8.74	9.02	7.97	8.23	7.38	7.87	7.53	0	9.27
mmu-miR-212-3p	7.22	0	0	0	0	5.97	7.35	5.05	6.13	5.21	0	6.1
mmu-miR-181a-1-3p	9.22	9.78	9.84	9.33	8.7	8.84	9.09	8.75	8.5	8.21	0	8.42
mmu-miR-214-3p	9.39	9.78	10.25	8.74	9.28	10	10.23	9.75	9.5	9.21	8.56	9.96
mmu-miR-216a-5p	0	0	0	0	0	0	0	0	0	0	0	0
mmu-miR-218-5p	0	0	0	8.81	0	5.87	6.84	6.12	6.08	0	0	6.75
mmu-miR-218-5p	6.29	0	7.32	7.81	6.77	5.45	6.42	0	6.21	5.28	0	7.49
mmu-miR-219a-5p	6.29	0	0	0	6.77	5.19	0	5.12	4.21	5.28	0	5.17
mmu-miR-219a-5p	0	0	0	0	0	4.45	0	5.12	2.62	0	0	0
mmu-miR-223-3p	10.03	10.42	8.84	7.74	9.51	10.03	10.96	10.26	10.32	9.73	10.15	9.49
mmu-miR-320-3p	11.51	11.2	10.95	10.91	11.34	11.25	11.6	11.36	11.12	11.29	11.37	10.46
mmu-miR-33-5p	6.29	8.27	0	7.81	7.77	6.19	7.16	0	6.32	5.28	0	5.17
mmu-miR-211-5p	7.81	0	0	0	6.7	6.61	5.77	6.64	4.55	6.21	0	7.91
mmu-miR-221-3p	10.85	10.71	10.89	10.68	10.44	10.84	11.06	11.2	11.03	10.97	11.08	10.73
mmu-miR-222-3p	9.88	9.27	8.91	9.81	9.94	9.66	9.74	9.82	9.22	8.74	0	8.63
mmu-miR-224-5p	6.29	6.68	0	7.81	6.77	5.45	6.84	6.12	6.71	6.28	0	7.49
mmu-miR-199b-5p	8.96	10.45	9.77	10	10.22	9.92	9.74	9.51	9.04	9.31	10.08	9.56
mmu-miR-181b-5p	12.85	13.35	13.02	14.05	13.68	13.19	13.21	13.43	13.1	13.29	13.45	12.91
mmu-miR-181b-5p	13.22	13.45	13.54	13.51	13.97	13.26	13.23	13.35	13.22	13.36	12.82	13.1
mmu-miR-181c-5p	13.21	13.31	13.06	13.36	13.07	12.79	12.74	12.97	13.01	12.74	12.37	12.54
mmu-miR-7a-5p	0	0	7.18	0	0	5.73	6.28	4.99	5.29	0	0	5.03
mmu-miR-7a-5p	0	6.54	0	0	0	5.73	5.7	0	5.94	0	0	0
mmu-miR-7b-5p	0	0	0	0	0	0	0	0	2.48	0	0	0
mmu-miR-217-5p	0	0	0	0	0	0	0	0	0	5.14	0	0
mmu-miR-361-5p	11.47	11.86	11.57	11.83	12.09	12.08	11.7	11.81	11.63	11.79	12.02	11.51
mmu-miR-362-5p	0	0	0	0	0	5.84	6.22	0	5.59	5.08	0	4.97
mmu-miR-363-3p	0	6.61	0	0	6.7	5.8	5.77	5.05	5.87	6.21	0	0
mmu-miR-365-3p	11.78	11.65	12.01	11.99	12.19	12.5	11.92	11.8	11.69	11.99	11.88	11.74
mmu-miR-365-3p	11.78	11.47	11.06	12.87	12.68	12.33	11.9	11.87	11.71	11.84	11.15	11.64
mmu-miR-375-3p	0	0	0	0	0	2.8	6.35	5.05	2.55	6.21	0	0
mmu-miR-376a-3p	0	0	0	0	6.77	3.87	0	0	4.62	6.28	0	6.75
mmu-miR-377-3p	7.81	8.2	0	7.74	7.7	6.71	4.77	6.64	4.55	5.21	0	0
mmu-miR-378a-5p	13.39	13.46	13.27	12.83	12.91	12.99	13.14	13.15	13.08	13.38	13.47	13.05
mmu-miR-379-5p	8.61	7.68	7.32	9.4	9.35	9.04	9.01	7.93	8.32	8.86	0	8.17
mmu-miR-380-5p	0	0	0	0	0	0	0	0	0	0	0	0
mmu-miR-380-3p	0	0	0	0	0	4.38	5.77	5.05	4.55	0	0	5.1
mmu-miR-381-3p	9.22	10.2	10.06	9.33	9.28	9.26	9.62	8.86	9.22	9.45	8.56	8.68
mmu-miR-382-5p	0	0	0	0	0	4.38	4.77	0	4.55	0	0	0
mmu-miR-383-5p	0	0	0	0	0	2.8	4.77	5.05	3.55	0	0	0
mmu-miR-335-5p	8.74	6.54	9.18	9.68	7.63	8.66	7.87	8.69	7.61	8.14	10.08	8.2
mmu-miR-133b-3p	15.62	15.59	15.61	15.42	15.9	15.72	15.43	15.52	15.65	15.51	15.56	15.53
mmu-miR-215-5p	0	0	0	0	0	5.45	6.84	6.71	5.94	5.28	0	6.17
mmu-miR-384-3p	0	0	0	0	0	3.8	0	0	4.13	0	0	6.1
mmu-miR-196b-5p	12.99	12.86	12.57	13.17	13.22	12.92	12.96	12.99	12.79	12.95	12.95	13.06
mmu-miR-409-3p	7.81	0	8.84	7.74	0	7.26	8.57	5.05	7.55	6.21	0	6.1
mmu-miR-410-3p	10.38	10	10.49	10.62	9.94	9.62	10.05	8.93	9.7	9.67	10.63	10.12
mmu-miR-376b-3p	6.29	7.68	0	7.81	0	4.45	5.84	0	4.62	0	0	5.17
mmu-miR-411-3p	0	0	7.25	7.74	0	5.12	4.77	0	5.55	6.79	0	5.1
mmu-miR-412-3p	0	0	0	0	0	2.94	0	0	0	0	0	0
mmu-miR-370-3p	0	0	0	0	0	4.38	0	0	3.55	0	0	0
mmu-miR-425-3p	6.29	0	7.32	0	0	7.19	5.84	6.12	6.32	6.28	0	6.75
mmu-miR-431-5p	6.29	7.68	7.32	7.81	8.35	6.87	7.84	0	7.01	7.86	0	7.49
mmu-miR-433-5p	0	0	0	0	0	2.8	0	0	0	0	0	0
mmu-miR-433-3p	0	6.61	0	7.74	0	4.8	6.35	5.05	2.55	5.21	0	5.1
mmu-miR-434-5p	9.54	9.61	10.42	10.07	10.4	9.92	9.52	9.3	9.44	9.01	9.56	9.42
mmu-miR-434-3p	13.23	13.94	13.3	12.44	13.17	12.05	11.52	10.18	10.8	11.06	11.15	10.71
mmu-miR-448-3p	0	0	0	0	0	0	0	0	0	0	0	0
mmu-miR-429-3p	6.22	0	0	0	0	3.8	0	0	3.55	5.21	0	0
mmu-miR-449a-5p	0	6.61	0	0	0	0	0	0	0	0	0	0
mmu-miR-450a-5p	8.54	0	0	0	8.28	7.12	5.77	7.64	7.07	8.38	8.56	7.1
mmu-miR-450a-5p	7.22	7.61	0	7.74	6.7	7.66	8.09	6.05	7.64	7.21	0	7.42
mmu-miR-451a	12.2	12.9	12.61	11.99	11.87	12.31	12.96	12.03	12.26	11.84	10.88	11.85
mmu-miR-452-5p	0	0	0	0	0	0	0	0	0	5.21	0	0
mmu-miR-463-5p	0	0	0	0	0	0	0	0	0	0	0	0
mmu-miR-465a-5p	0	0	0	0	0	0	0	0	0	0	0	0
mmu-miR-466a-3p	0	0	0	0	0	0	0	0	0	0	0	0
mmu-miR-467a-3p	0	0	0	0	0	0	0	0	0	0	0	0
mmu-miR-467a-3p	0	0	0	0	0	0	0	0	0	0	0	0
mmu-miR-467a-3p	0	0	0	0	0	2.8	0	0	0	0	0	0
mmu-miR-467a-3p	0	0	0	0	0	0	0	0	0	0	0	0
mmu-miR-467a-3p	0	0	0	0	0	0	0	0	0	0	0	0
mmu-miR-467a-3p	0	0	0	0	0	0	0	0	0	0	0	0
mmu-miR-467a-3p	0	0	0	0	0	0	0	0	0	0	0	0
mmu-miR-467a-3p	0	0	0	0	0	0	0	0	0	0	0	0
mmu-miR-467a-3p	0	0	0	0	0	0	0	0	0	0	0	0
mmu-miR-467a-3p	0	0	0	0	0	0	0	0	0	0	0	0
mmu-miR-468-3p	0	0	0	0	0	0	0	0	0	0	0	0
mmu-miR-470-5p	6.15	0	0	0	0	2.73	0	0	2.48	5.14	0	0
mmu-miR-471-5p	0	0	0	0	0	0	0	0	0	0	0	0
mmu-miR-532-5p	11.39	11.82	11.34	11.33	11.65	11.23	11.83	11.55	11.52	11.6	11.88	11.46
mmu-miR-489-3p	6.15	6.54	7.18	0	0	5.32	4.7	0	2.48	0	0	0
mmu-miR-483-3p	0	0	0	0	0	3.87	4.84	5.12	5.94	5.28	0	5.17
mmu-miR-484	11.47	11.13	11.06	11.44	11.79	11.62	11.87	11.16	11.12	11.18	11.15	10.62
mmu-miR-485-5p	0	0	0	0	0	0	0	0	3.55	0	0	0
mmu-miR-485-3p	6.22	0	0	0	0	3.8	6.35	0	0	0	0	0
mmu-miR-486-5p	21.16	21.47	21.66	20.94	20.84	21.41	20.91	21.7	21.33	21.55	21.56	21.12
mmu-miR-378a-3p	20.21	20.35	20.07	20.28	20.57	20.11	20.71	20.44	20.49	20.53	20.36	20.15
mmu-miR-546	0	0	0	0	0	3.28	0	0	0	0	0	0
mmu-miR-540-3p	6.37	0	0	0	0	5.53	5.91	5.2	4.28	6.35	0	5.24
mmu-miR-543-3p	0	6.61	0	0	0	2.8	4.77	5.05	4.13	0	0	0
mmu-miR-539-5p	0	0	0	0	0	4.38	0	0	0	0	0	0
mmu-miR-541-5p	10.94	10.88	10.64	10.72	11.21	11.17	11.11	10.72	10.53	11.06	10.69	9.76
mmu-miR-542-5p	6.22	0	0	0	0	4.38	5.77	0	4.13	0	0	5.1
mmu-miR-542-3p	7.81	0	0	0	6.7	7.26	6.35	8.05	7.5	6.79	0	7.42
mmu-miR-547-3p	0	0	0	0	0	0	0	0	3.62	0	0	0
mmu-miR-367-3p	0	0	0	0	0	0	0	0	0	0	0	0
mmu-miR-494-3p	0	0	0	0	0	0	0	0	0	0	0	0
mmu-miR-376c-3p	6.29	6.68	7.32	0	0	5.19	6.42	0	4.94	6.28	0	5.17
mmu-miR-487b-3p	0	0	0	0	0	2.8	0	0	3.55	5.21	0	0
mmu-miR-369-5p	0	0	0	0	0	4.8	4.77	5.05	5.36	6.21	0	5.1
mmu-miR-369-3p	9.1	7.68	7.32	0	7.77	6.87	0	5.12	3.62	5.28	0	5.17
mmu-miR-20b-5p	6.15	0	0	0	0	3.73	0	4.99	3.48	0	0	5.03
mmu-miR-503-5p	0	6.54	0	0	0	0	0	4.99	3.48	0	0	0
mmu-miR-291b-5p	0	0	0	0	0	0	0	0	0	0	0	0
mmu-miR-291b-3p	0	0	0	0	0	0	0	0	0	0	0	0
mmu-miR-302b-5p	0	0	0	0	0	0	0	0	0	0	0	0
mmu-miR-302b-3p	0	0	0	0	0	0	0	0	0	0	0	0
mmu-miR-302c-5p	0	0	0	0	0	0	0	0	0	0	0	0
mmu-miR-302c-3p	0	0	0	0	0	0	0	0	0	0	0	0
mmu-miR-302d-3p	0	0	0	0	0	0	0	0	0	0	0	0
mmu-miR-376a-5p	0	6.61	0	0	0	2.8	0	5.05	0	0	0	6.1
mmu-miR-376b-5p	0	0	0	0	0	5.12	6.35	5.05	5.36	5.21	0	0
mmu-miR-467a-5p	0	0	0	0	0	0	0	0	0	0	0	0
mmu-miR-467a-5p	0	0	0	0	0	2.8	0	0	2.55	0	0	0
mmu-miR-467a-5p	0	0	0	0	0	0	4.77	0	3.55	0	0	0
mmu-miR-467a-5p	0	0	0	0	0	2.8	0	0	2.55	0	0	0
mmu-miR-467a-5p	0	0	0	0	0	0	0	0	2.55	0	0	0
mmu-miR-467a-5p	0	0	0	0	0	2.8	0	0	3.55	0	0	0
mmu-miR-467a-5p	0	0	0	0	0	0	0	0	0	0	0	0
mmu-miR-467a-5p	0	0	0	0	0	0	0	0	2.55	0	0	0
mmu-miR-467a-5p	0	0	0	0	0	2.8	0	0	0	0	0	0
mmu-miR-467a-5p	0	0	0	0	0	0	0	0	0	5.21	0	0
mmu-miR-488-5p	0	0	0	0	0	0	0	0	0	0	0	0
mmu-miR-488-3p	0	6.68	0	0	0	4.45	0	0	6.53	5.28	0	6.17
mmu-miR-677-5p	8.54	7.61	8.84	7.74	8.28	8.5	8.67	8.86	9.19	9.21	9.56	9.19
mmu-miR-678	0	0	0	0	0	0	0	0	0	0	0	0
mmu-miR-497-5p	11.18	11.31	10.84	11.2	10.95	10.35	11.14	10.55	10.56	10.7	10.88	10.56
mmu-miR-423-3p	11.2	11.97	10.99	11.68	12.82	11.85	12.58	11.98	11.94	12	10.49	11.46
mmu-miR-679-5p	0	0	0	0	0	0	0	5.05	2.55	0	0	5.1
mmu-miR-495-3p	0	0	0	0	0	3.8	0	0	3.55	0	0	0
mmu-miR-680	0	0	0	0	0	0	0	0	0	0	0	0
mmu-miR-680	0	0	0	0	0	0	0	0	0	0	0	0
mmu-miR-680	0	0	0	0	0	0	0	0	0	0	0	0
mmu-miR-681	0	0	0	0	0	0	0	0	0	0	0	0
mmu-miR-682	0	0	0	0	0	0	0	5.12	0	0	0	0
mmu-miR-449c-5p	0	0	0	0	0	0	0	0	2.62	0	0	0
mmu-miR-683	0	0	0	0	0	0	0	0	0	0	0	0
mmu-miR-683	0	0	0	0	0	0	0	0	0	0	0	0
mmu-miR-684	0	0	0	0	0	0	0	0	0	0	0	0
mmu-miR-684	0	0	0	0	0	0	0	0	0	0	0	0
mmu-miR-686	0	0	0	0	0	0	0	0	0	0	0	0
mmu-miR-719	0	0	0	0	0	0	0	0	3.55	0	0	0
mmu-miR-687	0	0	0	0	0	0	0	0	0	0	0	0
mmu-miR-688	0	0	0	0	0	0	0	0	0	0	0	0
mmu-miR-690	0	0	0	0	0	0	0	0	0	0	0	0
mmu-miR-691	0	0	0	0	0	0	0	0	0	0	0	0
mmu-miR-692	0	0	0	0	0	0	4.84	0	0	0	0	0
mmu-miR-692	0	0	0	0	0	0	0	0	2.62	0	0	0
mmu-miR-692	0	0	0	0	0	3.87	0	0	2.62	0	0	0
mmu-miR-693-5p	0	0	0	0	0	0	0	0	0	0	0	0
mmu-miR-133a-5p	12.77	12.87	12.61	13.14	13.63	13.12	13.05	12.82	12.87	12.9	12.72	12.61
mmu-miR-133a-5p	12.7	13	12.13	12.57	13.29	13.04	13.04	12.67	12.72	12.7	12.8	12.37
mmu-miR-694	0	0	0	0	0	0	0	0	0	0	0	0
mmu-miR-146b-5p	13.23	12.59	13.08	13.77	12.91	14.23	13.34	13.68	13.91	13.31	13.99	13.66
mmu-miR-669b-5p	0	0	0	0	0	0	0	0	0	0	0	0
mmu-miR-669a-5p	0	0	0	0	0	0	0	0	0	0	0	0
mmu-miR-669a-5p	0	0	0	0	0	0	0	0	0	0	0	0
mmu-miR-669a-5p	0	0	0	0	0	0	0	0	0	0	0	0
mmu-miR-669a-5p	6.09	0	0	0	0	0	0	0	0	0	0	0
mmu-miR-669a-5p	0	0	0	0	0	2.67	4.63	0	0	0	0	0
mmu-miR-669a-5p	0	0	0	0	0	0	0	0	0	0	0	0
mmu-miR-669a-5p	0	0	0	0	0	0	0	0	2.42	0	0	0
mmu-miR-669a-5p	0	0	0	0	0	2.67	0	0	0	0	0	0
mmu-miR-669a-5p	0	0	0	0	0	0	0	0	0	0	0	0
mmu-miR-669a-5p	0	0	7.12	0	0	0	0	0	0	0	0	0
mmu-miR-669a-5p	0	0	0	0	0	0	0	0	0	0	0	0
mmu-miR-669a-5p	0	0	0	0	0	0	0	0	0	0	0	0
mmu-miR-467b-3p	0	0	0	0	0	0	0	0	0	0	0	0
mmu-miR-669c-5p	0	0	0	0	0	2.8	0	5.05	2.55	0	0	0
mmu-miR-297b-5p	0	0	0	0	0	0	0	0	0	0	0	0
mmu-miR-695	0	0	0	0	0	0	0	0	0	0	0	0
mmu-miR-499-5p	0	7.68	0	0	7.77	6.19	8.3	8.29	5.79	6.86	0	7.49
mmu-miR-455-5p	0	0	8.25	8.74	8.28	6.61	6.77	6.64	5.72	0	8.56	8.27
mmu-miR-491-5p	6.22	0	0	0	0	3.8	4.77	0	3.55	0	0	0
mmu-miR-697	0	0	0	0	0	0	0	0	0	0	0	0
mmu-miR-698-3p	0	0	0	0	0	0	0	0	0	0	0	0
mmu-miR-700-3p	8.29	0	0	0	6.77	6.45	6.84	5.12	6.32	5.28	0	5.17
mmu-miR-701-5p	0	0	0	0	0	3.87	0	0	2.62	0	0	5.17
mmu-miR-702-3p	0	0	0	0	0	4.38	4.77	5.05	4.13	5.21	0	0
mmu-miR-703	0	0	0	0	0	0	4.84	0	2.62	0	0	0
mmu-miR-704	0	0	0	0	0	0	0	0	0	0	0	0
mmu-miR-705	0	0	0	0	0	0	0	0	0	0	0	0
mmu-miR-706	0	0	0	0	0	0	0	0	0	0	0	0
mmu-miR-707	0	0	0	0	0	0	0	0	0	0	0	0
mmu-miR-708-3p	6.22	0	0	0	7.7	6.5	7.57	0	7.72	7.21	8.56	6.68
mmu-miR-709	0	0	0	0	0	0	0	0	0	0	0	0
mmu-miR-710	0	0	0	0	0	0	0	0	0	0	0	0
mmu-miR-711	0	0	0	0	0	0	0	0	0	0	0	0
mmu-miR-713	0	0	0	0	0	0	0	0	0	0	0	0
mmu-miR-500-3p	7.22	8.93	7.25	0	6.7	6.89	6.35	6.64	7.36	8.01	8.56	6.1
mmu-miR-501-5p	0	0	0	0	0	3.8	4.77	0	3.55	0	0	0
mmu-miR-501-3p	11.58	11.07	11.64	9.74	9.28	9.32	10.32	9.86	9.53	10.29	9.56	9.62
mmu-miR-717	0	0	0	0	0	0	0	0	0	0	0	0
mmu-miR-450b-5p	8.22	6.61	0	8.74	8.7	7.84	8.57	8.05	7.8	7.21	0	7.1
mmu-miR-450b-3p	0	0	0	7.74	0	0	4.77	0	0	0	0	0
mmu-miR-505-3p	6.22	6.61	0	0	0	4.38	0	6.05	4.55	5.21	8.56	0
mmu-miR-718	6.29	0	0	0	0	0	0	0	0	0	0	0
mmu-miR-721	0	0	0	0	0	0	0	0	0	0	0	0
mmu-miR-652-3p	9.46	10.14	8.91	10.14	8.77	9.19	10.08	9.45	9.48	9.8	0	9.49
mmu-miR-675-5p	0	0	0	0	0	2.8	0	0	0	0	0	0
mmu-miR-675-3p	6.22	0	0	0	0	4.38	5.77	5.05	0	0	0	0
mmu-miR-374b-5p	6.22	8.61	9.57	7.74	7.7	8.5	8.35	8.86	7.94	8.01	0	8.27
mmu-miR-374b-3p	0	7.61	0	7.74	0	5.61	6.77	0	6.13	0	0	7.1
mmu-miR-216b-5p	0	0	0	0	0	0	0	0	0	0	0	0
mmu-miR-592-5p	6.15	6.54	7.18	0	7.63	5.73	4.7	0	6.73	6.14	0	6.03
mmu-miR-671-5p	7.74	8.13	7.18	7.68	6.63	7.32	7.02	6.57	6.73	6.72	0	5.03
mmu-miR-668-3p	6.09	6.48	0	0	6.57	5.67	0	6.51	4.74	5.08	9.43	0
mmu-miR-665-3p	0	0	0	0	0	2.94	4.91	0	0	0	0	0
mmu-miR-667-3p	6.15	6.54	0	0	0	3.73	0	0	4.07	5.14	0	5.03
mmu-miR-672-5p	0	0	7.18	0	0	2.73	4.7	0	2.48	6.14	0	0
mmu-miR-670-5p	0	0	0	0	0	0	0	0	0	0	0	0
mmu-miR-666-5p	0	0	0	7.74	0	5.12	4.77	0	4.87	5.21	0	0
mmu-miR-496a-3p	0	0	7.25	0	6.7	2.8	0	5.05	4.55	0	8.56	5.1
mmu-miR-673-5p	0	7.61	0	0	6.7	6.71	5.77	5.05	5.87	6.21	0	6.68
mmu-miR-674-5p	6.22	0	0	0	0	5.97	5.77	7.64	7.01	7.53	0	6.1
mmu-miR-674-3p	8.54	8.61	7.25	7.74	6.7	7.32	8.47	8.38	7.01	0	8.56	6.1
mmu-miR-455-3p	6.29	0	8.32	8.81	7.77	7.45	7.64	5.12	4.94	0	8.63	6.17
mmu-miR-490-3p	0	0	0	0	0	0	0	0	2.55	0	0	5.1
mmu-miR-676-5p	9.39	8.2	8.84	7.74	9.28	8.82	9.52	9.14	9.1	9.11	0	7.91
mmu-miR-676-3p	10.29	9.85	8.32	11.4	10.86	10.39	11.34	10.91	10.92	11.11	10.63	10.3
mmu-miR-615-3p	11.95	12.04	11.84	11.2	11.98	11.52	11.73	11.48	11.6	11.71	10.88	11.27
mmu-miR-758-3p	0	0	0	0	0	0	0	5.28	2.77	0	0	0
mmu-miR-551b-3p	0	0	0	0	0	0	0	0	0	0	0	0
mmu-miR-770-3p	0	0	0	0	0	0	0	0	0	0	0	0
mmu-miR-762	0	0	0	0	0	0	0	0	0	0	0	0
mmu-miR-761	0	0	0	0	0	0	0	0	0	0	0	0
mmu-miR-764-5p	0	0	0	0	0	0	0	0	0	0	0	0
mmu-miR-764-3p	0	0	0	0	0	0	0	0	0	0	0	0
mmu-miR-763	0	0	0	0	0	0	0	0	0	0	0	0
mmu-miR-759	0	0	0	0	0	0	0	0	0	0	0	0
mmu-miR-760-3p	0	0	0	0	0	2.94	0	0	2.69	5.35	0	0
mmu-miR-301b-3p	0	0	0	0	0	2.73	0	0	0	5.14	0	0
mmu-miR-744-5p	11.98	12.04	11.16	11.91	12.22	12.01	12.24	12.15	12.21	12.15	12.15	11.94
mmu-miR-802-5p	0	0	0	0	0	0	0	0	0	0	0	0
mmu-miR-693-3p	0	0	0	0	0	4.32	0	0	2.48	0	0	0
mmu-miR-804	0	0	0	0	0	0	0	0	0	0	0	0
mmu-miR-465a-3p	0	0	0	0	0	0	0	0	0	0	0	0
mmu-miR-741-3p	0	0	0	0	0	0	0	0	0	0	0	0
mmu-miR-742-3p	0	0	0	0	0	0	0	0	0	0	0	0
mmu-miR-743a-3p	0	0	0	0	0	0	0	0	0	0	0	0
mmu-miR-181d-5p	9.61	9.54	9.51	10.48	10.44	9.75	10.06	9.63	9.93	9.78	9.49	9.68
mmu-let-7g-3p	6.22	6.61	0	0	0	5.8	6.35	6.64	6.25	5.21	0	0
mmu-let-7i-3p	8.54	9.61	9.25	8.74	8.28	8.8	8.67	9.3	9.03	9.21	9.56	8.68
mmu-miR-15b-3p	7.81	0	7.25	0	0	5.61	6.35	7.05	6.55	6.79	0	7.1
mmu-miR-27b-5p	8.81	9.2	8.84	8.74	9.7	8.99	10.26	9.7	9.61	10.16	8.56	9.8
mmu-miR-29b-1-5p	0	0	7.25	0	0	5.12	6.35	6.64	5.55	6.21	0	0
mmu-miR-30b-3p	7.22	0	0	7.74	6.7	6.26	6.35	7.05	6.64	5.21	0	7.91
mmu-miR-99b-3p	6.22	0	8.25	7.74	0	6.12	4.77	6.64	7.13	5.21	0	5.1
mmu-miR-101a-5p	8.54	9.42	9.25	8.74	8.7	8.93	8.23	8.38	8.19	8.21	0	8.27
mmu-miR-124-5p	0	0	0	0	0	0	0	0	0	0	0	0
mmu-miR-124-5p	0	0	0	0	0	0	0	0	0	0	0	0
mmu-miR-124-5p	0	0	0	0	0	0	0	0	0	0	0	0
mmu-miR-125a-3p	7.22	6.61	7.25	0	0	6.12	5.77	0	5.72	0	0	6.1
mmu-miR-125b-2-3p	12.39	12.52	12.81	13.39	13.12	13.15	12.71	12.48	12.48	12.72	12.15	12.73
mmu-miR-127-5p	7.81	8.61	8.25	0	0	6.12	6.77	5.05	6.94	5.21	0	5.1
mmu-miR-135a-1-3p	0	0	0	0	0	0	0	0	0	0	0	0
mmu-miR-136-3p	12.05	11.93	12.01	11.33	11.74	11.32	10.47	9.38	10.31	10.06	8.56	9.56
mmu-miR-141-5p	0	0	0	0	0	0	0	0	0	0	0	0
mmu-miR-145a-3p	14.17	14.06	13.13	13.27	13.53	12.86	14.11	13.8	13.76	13.96	13.77	13.46
mmu-miR-150-3p	6.22	6.61	0	0	6.7	4.8	4.77	5.05	5.36	0	8.56	5.1
mmu-miR-151-5p	15.85	15.88	15.7	15.79	16.16	15.8	15.83	15.75	15.76	15.82	15.74	15.56
mmu-miR-154-3p	0	0	0	0	0	0	0	0	0	0	0	0
mmu-miR-10b-3p	9.03	7.61	10.06	9.74	10.16	9.05	8.57	8.86	8.59	8.53	9.56	8.56
mmu-miR-183-3p	0	0	0	0	0	3.8	0	0	0	0	0	0
mmu-miR-186-3p	6.22	0	0	0	0	4.8	0	0	3.55	0	0	0
mmu-miR-188-3p	0	0	0	0	0	6.04	0	0	4.62	0	0	0
mmu-miR-191-3p	6.22	0	0	7.74	0	6.61	6.77	6.05	7.55	7.53	8.56	6.68
mmu-miR-193a-5p	7.22	8.61	8.84	9.33	8.7	7.8	7.94	0	7.19	7.53	0	7.91
mmu-miR-200b-5p	0	0	0	0	0	0	0	0	0	0	0	0
mmu-miR-202-5p	0	0	0	0	0	0	0	0	0	0	0	0
mmu-miR-203-5p	7.22	0	0	0	0	0	4.77	5.05	4.13	5.21	0	5.1
mmu-miR-290a-3p	0	0	0	0	0	0	0	0	0	0	0	0
mmu-miR-293-5p	0	0	0	0	0	0	0	0	0	0	0	0
mmu-miR-294-5p	0	0	0	0	0	0	0	0	0	0	0	0
mmu-miR-295-5p	0	0	0	0	0	0	0	0	0	0	0	0
mmu-miR-296-3p	0	0	0	0	0	2.8	0	0	0	0	0	0
mmu-miR-299a-3p	0	6.61	7.25	7.74	0	5.97	0	5.05	4.87	5.21	0	0
mmu-miR-300-5p	0	0	0	0	0	2.8	0	0	0	0	0	0
mmu-miR-302a-5p	0	0	0	0	0	0	0	0	0	0	8.56	0
mmu-miR-34c-3p	0	0	0	0	0	0	0	0	0	0	0	6.1
mmu-miR-34b-3p	0	0	0	0	0	2.8	0	0	4.13	0	0	5.1
mmu-miR-106b-3p	8.54	9.2	8.84	9.33	10.02	9.16	9.98	9.38	9.43	9.29	8.56	9.19
mmu-miR-130b-5p	0	0	0	0	0	2.8	6.35	0	2.55	0	0	0
mmu-miR-30c-1-3p	7.22	8.61	0	0	6.7	8.12	8.35	8.05	8.33	7.79	0	7.68
mmu-miR-148a-5p	9.54	9.78	8.25	8.74	9.51	8.91	7.77	8.51	7.91	9.21	0	8.8
mmu-miR-196a-2-3p	9.22	10.31	9.57	9.33	10.61	10.23	10.05	9.96	9.88	10.06	10.15	9.68
mmu-miR-200a-5p	0	0	0	0	0	0	0	0	2.55	0	0	0
mmu-let-7a-1-3p	9.68	9.42	10.25	8.74	8.7	9.1	9.62	9.22	9.8	8.79	10.15	9.27
mmu-let-7b-3p	8.81	9.93	7.25	10.91	9.7	9.61	9.35	9.3	9.74	9.91	8.56	9.35
mmu-let-7c-1-3p	6.22	0	0	0	0	5.97	0	6.05	5.55	6.21	0	6.1
mmu-let-7f-1-3p	8.22	8.93	0	0	8.28	8.61	7.94	8.75	8.62	8.53	0	7.42
mmu-miR-15a-3p	8.22	0	0	7.74	6.7	6.5	4.77	0	6.13	7.21	0	6.68
mmu-miR-16-1-3p	7.81	8.61	0	7.74	8.7	7.32	7.09	8.05	7.41	6.79	10.15	6.68
mmu-miR-18a-3p	0	0	0	0	0	0	0	6.05	2.55	0	0	0
mmu-miR-20a-3p	0	0	0	0	0	5.12	5.77	5.05	3.55	0	0	5.1
mmu-miR-21a-3p	10.92	11.2	10.25	11.55	11.16	10.8	11.72	10.7	11.03	11.04	10.88	10.46
mmu-miR-22-5p	12	12.22	10.95	12.14	12.51	11.67	12.02	11.74	11.91	11.98	12.56	11.7
mmu-miR-26b-3p	8.81	8.93	8.25	8.74	6.7	8.12	8.67	8.22	8.3	8.01	0	8.1
mmu-miR-29a-5p	8.54	9.2	9.84	9.33	9.7	8.35	8.57	8.86	8.84	8.67	0	9.19
mmu-miR-29c-5p	10.22	10.86	10.57	10.33	9.87	10.14	10.44	9.96	10.36	10.11	8.56	10.05
mmu-miR-27a-5p	7.81	0	0	0	6.7	5.8	5.77	7.38	7.55	7.21	0	7.68
mmu-miR-31-3p	0	0	0	0	0	0	0	4.99	0	0	0	0
mmu-miR-92a-2-5p	0	0	0	0	0	0	0	0	0	0	0	0
mmu-miR-93-3p	0	0	0	0	6.7	3.8	6.35	0	5.36	0	0	6.1
mmu-miR-323-5p	0	0	0	0	0	0	0	0	0	0	0	0
mmu-miR-325-3p	0	0	0	0	0	2.8	0	0	0	0	0	0
mmu-miR-330-5p	6.22	6.61	8.25	0	6.7	7.19	7.09	7.38	7.55	6.21	0	8.1
mmu-miR-331-5p	0	0	0	0	0	4.8	5.77	6.05	4.13	5.21	0	0
mmu-miR-337-5p	8.88	7.68	8.91	8.81	8.35	7.26	0	0	5.79	5.28	0	7.75
mmu-miR-338-5p	7.81	8.2	0	0	7.7	7.5	8.57	7.38	7.19	7.79	8.56	8.8
mmu-miR-339-3p	9.61	8.54	7.18	7.68	9.22	8.22	9.45	8.31	8.82	8.84	8.49	9.35
mmu-miR-340-5p	12.95	12.72	12.84	12.79	13.04	12.29	13.15	12.97	13.05	12.84	12.95	12.87
mmu-miR-342-5p	0	6.61	0	0	0	4.38	0	6.05	3.55	5.21	8.56	0
mmu-miR-345-3p	10.98	10.61	10.95	9.74	11.22	10.69	10.72	9.81	10.2	10.38	11.15	10.71
mmu-miR-10a-3p	6.22	7.61	0	0	6.7	6.61	7.35	0	6.72	7.21	0	5.1
mmu-miR-19a-5p	0	0	0	0	0	0	0	0	0	5.21	0	0
mmu-miR-28a-3p	9.68	9.93	9.57	10.55	10.7	9.82	10.23	9.51	9.84	10.01	8.56	9.85
mmu-miR-139-3p	0	0	0	0	6.7	4.8	0	5.05	4.13	5.21	0	5.1
mmu-miR-200c-5p	0	0	0	0	0	0	0	0	0	0	0	0
mmu-miR-214-5p	8.54	0	8.25	0	9.28	8.55	8.67	7.86	8.07	8.38	8.56	8.42
mmu-miR-218-1-3p	0	6.61	0	0	0	0	0	0	0	0	0	5.1
mmu-miR-33-3p	6.22	0	0	0	0	0	5.77	0	3.55	5.21	8.56	0
mmu-miR-199b-3p	13.93	13.76	14.03	14.17	14.24	13.99	14.09	13.87	13.61	13.91	14.02	14.48
mmu-miR-138-1-3p	0	0	0	0	0	0	0	5.05	3.55	0	0	0
mmu-miR-125b-1-3p	10.68	9.93	10.06	10.33	11.45	10.24	11.09	10.67	10.6	10.79	9.56	10.83
mmu-miR-7a-1-3p	8.22	6.61	8.84	9.74	9.02	9.41	9.52	8.64	8.53	9.01	10.56	9.1
mmu-miR-362-3p	7.22	8.2	8.25	7.74	6.7	7.93	7.77	7.38	6.94	7.53	0	7.1
mmu-miR-382-3p	0	0	7.25	7.74	0	2.8	4.77	0	3.55	6.21	0	0
mmu-miR-335-3p	8.22	8.61	8.25	10.33	8.7	9.34	8.94	8.51	9.26	8.53	0	9.62
mmu-miR-384-5p	0	0	7.18	0	0	3.73	4.7	4.99	4.07	0	0	5.03
mmu-miR-409-5p	8.15	0	8.77	0	0	3.73	4.7	4.99	0	5.14	0	7.62
mmu-miR-411-5p	12.82	13.06	12.85	12.98	12.77	12.59	12.75	12.2	12.27	12.63	11.95	11.87
mmu-miR-425-5p	10.74	9.86	10.18	8.68	11.15	10.74	10.45	10.63	10.26	10.57	9.49	9.84
mmu-miR-431-3p	0	0	0	0	0	2.8	4.77	0	0	0	0	0
mmu-miR-463-3p	0	0	0	0	0	0	0	0	0	0	0	0
mmu-miR-466a-5p	0	0	0	0	0	0	0	0	0	0	0	0
mmu-miR-470-3p	0	0	0	0	0	0	0	0	0	0	0	0
mmu-miR-532-3p	7.22	6.61	8.84	8.74	8.28	7.26	4.77	7.05	6.36	6.79	0	7.1
mmu-miR-483-5p	0	0	0	0	0	3.8	0	0	2.55	0	0	0
mmu-miR-540-5p	7.15	8.54	9.18	0	7.63	7.49	0	5.99	4.48	0	0	0
mmu-miR-20b-3p	0	0	0	0	0	0	0	0	0	0	0	0
mmu-miR-450a-2-3p	0	0	0	0	0	0	0	0	0	0	0	0
mmu-miR-503-3p	7.22	7.61	0	7.74	6.7	6.71	6.35	5.05	4.87	0	8.56	5.1
mmu-miR-744-3p	7.22	0	0	0	0	6.5	7.57	7.05	6.72	6.79	0	6.68
mmu-miR-671-3p	10.54	9.49	9.32	9.4	10.58	9.57	10.9	10.21	10.19	10.56	11.22	9.87
mmu-miR-770-5p	0	0	0	0	0	0	0	0	0	0	0	0
mmu-miR-666-3p	0	0	0	0	0	3.8	0	0	2.55	5.21	0	0
mmu-miR-673-3p	0	0	7.18	0	0	4.73	0	4.99	5.07	5.14	0	0
mmu-miR-423-5p	7.74	6.54	0	7.68	0	8.05	7.7	8.31	8.37	6.72	10.08	6.03
mmu-miR-146b-3p	0	0	0	0	0	3.8	0	0	4.13	0	0	0
mmu-miR-297b-3p	0	0	0	0	0	0	0	0	2.55	0	0	0
mmu-miR-708-5p	0	7.54	7.18	0	6.63	6.32	7.02	0	6.57	7.72	0	7.03
mmu-miR-615-5p	0	0	0	0	0	5.12	5.77	6.05	6.36	0	8.56	5.1
mmu-miR-742-5p	0	0	0	0	0	0	0	0	0	0	0	0
mmu-miR-743b-5p	0	0	0	0	0	0	0	0	0	0	0	0
mmu-miR-743b-3p	0	0	0	0	0	0	0	5.05	0	0	0	0
mmu-miR-871-5p	0	0	0	0	0	0	0	0	0	0	0	0
mmu-miR-879-5p	6.29	6.68	0	0	0	4.45	4.84	0	4.62	0	0	5.17
mmu-miR-879-3p	0	0	0	0	0	0	0	0	0	0	0	0
mmu-miR-880-3p	0	0	0	0	0	0	0	0	0	0	0	0
mmu-miR-881-5p	0	0	0	0	0	0	0	0	0	0	0	0
mmu-miR-881-3p	0	0	0	0	0	0	0	0	3.55	0	0	5.1
mmu-miR-882	0	0	0	0	0	0	0	0	0	0	0	0
mmu-miR-883a-5p	0	0	0	0	0	0	0	0	0	0	0	0
mmu-miR-883a-3p	0	0	0	0	0	0	0	0	0	0	0	0
mmu-miR-883b-5p	0	0	0	0	0	0	0	0	0	0	0	0
mmu-miR-883b-3p	0	0	0	0	0	0	0	0	0	0	0	0
mmu-miR-190b-5p	7.29	0	0	0	8.35	6.45	6.42	5.12	5.62	6.28	0	5.17
mmu-miR-874-3p	8.54	0	0	7.74	6.7	7.05	6.77	7.86	7.13	7.21	0	8.1
mmu-miR-876-5p	0	0	0	0	0	0	0	0	0	0	0	0
mmu-miR-876-3p	0	0	0	0	0	0	0	0	0	0	0	0
mmu-miR-105	0	0	0	0	0	0	0	0	0	0	0	0
mmu-miR-147-3p	0	0	0	0	0	3.8	0	0	0	0	0	0
mmu-miR-18b-5p	0	0	0	0	0	0	0	0	0	0	0	0
mmu-miR-193b-3p	12.87	12.76	12.54	12.87	12.7	12.69	12.37	12.65	12.77	12.81	12.73	12.65
mmu-miR-877-5p	0	6.75	0	0	0	2.94	4.91	6.2	5.02	5.35	0	0
mmu-miR-877-3p	6.22	6.61	0	0	0	4.8	0	0	5.13	0	0	5.1
mmu-miR-297a-3p	0	0	0	0	0	0	0	0	0	0	0	0
mmu-miR-297a-3p	0	0	0	0	0	0	0	0	0	0	0	0
mmu-miR-297c-5p	0	0	0	0	0	0	0	0	0	0	0	0
mmu-miR-297c-3p	0	0	0	0	0	0	0	0	0	0	0	0
mmu-miR-327	0	0	0	0	0	0	0	0	0	0	0	0
mmu-miR-343	0	0	0	0	0	0	0	0	0	0	0	0
mmu-miR-421-3p	8.74	9.35	8.77	9.68	9.63	9.14	8.51	9.16	8.55	8.95	0	8.2
mmu-miR-453	0	0	0	0	0	0	0	0	0	0	0	0
mmu-miR-465b-5p	0	0	0	0	0	0	0	0	0	0	0	0
mmu-miR-465b-5p	0	0	0	0	0	0	0	0	0	0	0	0
mmu-miR-465b-3p	0	0	0	0	0	0	0	0	0	0	0	0
mmu-miR-465b-3p	0	0	0	0	0	0	0	0	0	0	0	0
mmu-miR-465c-5p	0	0	0	0	0	0	0	0	2.55	0	0	0
mmu-miR-465c-5p	0	0	0	0	0	0	0	0	0	0	0	0
mmu-miR-465c-3p	0	0	0	0	0	0	0	0	0	0	0	0
mmu-miR-465c-3p	0	0	0	0	0	0	0	0	0	0	0	0
mmu-miR-466b-5p	0	0	0	0	0	0	0	0	0	0	0	0
mmu-miR-466b-5p	0	0	0	0	0	0	0	0	0	0	0	0
mmu-miR-466b-5p	0	0	0	0	0	0	0	0	0	0	0	0
mmu-miR-466b-5p	0	0	0	0	0	0	0	0	0	0	0	0
mmu-miR-466b-5p	0	0	0	0	0	0	0	0	0	0	0	0
mmu-miR-466b-5p	0	0	0	0	0	2.8	0	0	0	0	0	0
mmu-miR-466b-5p	0	0	0	0	0	0	0	0	0	0	0	0
mmu-miR-466b-5p	0	0	0	0	0	0	0	0	0	0	0	0
mmu-miR-466b-3p	0	0	0	0	0	0	0	0	0	0	0	0
mmu-miR-466b-3p	0	0	0	0	0	0	0	0	0	0	0	0
mmu-miR-466b-3p	0	0	0	0	0	0	0	0	0	0	0	0
mmu-miR-466b-3p	0	0	0	0	0	0	0	0	0	0	0	0
mmu-miR-466b-3p	0	0	0	0	0	0	0	0	0	0	0	0
mmu-miR-466b-3p	0	0	0	0	0	0	4.77	0	0	0	0	0
mmu-miR-466b-3p	0	0	0	0	0	0	0	0	0	0	0	0
mmu-miR-466b-3p	0	0	0	0	0	0	0	0	0	0	0	0
mmu-miR-466c-5p	0	0	0	0	0	0	0	0	0	0	0	0
mmu-miR-466c-5p	0	0	0	0	0	0	0	0	0	0	0	0
mmu-miR-466c-3p	0	0	0	0	0	0	0	0	0	0	0	0
mmu-miR-466c-3p	0	0	0	0	0	0	0	0	0	0	0	0
mmu-miR-466e-5p	0	0	0	0	0	0	0	0	0	0	0	0
mmu-miR-466e-3p	0	0	0	0	0	0	0	0	0	0	0	0
mmu-miR-466f-5p	0	0	0	0	0	0	0	0	0	0	0	0
mmu-miR-466f-5p	0	0	0	0	0	0	0	0	0	0	0	0
mmu-miR-466f-5p	0	0	0	0	0	0	0	0	0	0	0	0
mmu-miR-466f-3p	0	0	0	0	0	0	0	0	0	0	0	0
mmu-miR-466f-3p	0	0	0	0	0	0	0	0	0	0	0	0
mmu-miR-466f-3p	0	0	0	0	0	0	0	0	0	0	0	0
mmu-miR-466g	0	0	0	0	0	0	0	0	0	0	0	0
mmu-miR-466h-5p	0	0	0	0	0	0	0	0	0	0	0	0
mmu-miR-467c-5p	0	0	0	0	0	4.38	0	0	4.55	5.21	0	0
mmu-miR-467d-5p	6.22	6.61	0	7.74	0	3.8	4.77	5.05	4.13	0	0	0
mmu-miR-467d-3p	0	0	0	0	0	0	0	0	0	0	0	0
mmu-miR-493-3p	0	0	0	0	0	2.73	0	0	0	0	0	0
mmu-miR-504-5p	7.22	6.61	7.25	8.74	7.7	7.26	8.57	7.05	6.8	7.79	0	6.1
mmu-miR-509-5p	0	0	0	0	0	0	0	0	0	0	0	0
mmu-miR-509-3p	0	0	0	0	0	0	0	0	0	0	0	0
mmu-miR-568	0	0	0	0	0	0	0	0	0	0	0	0
mmu-miR-574-5p	0	0	0	0	0	0	0	0	0	0	0	0
mmu-miR-574-3p	8.54	7.61	8.25	9.33	9.28	8.82	8.67	7.64	8.53	8.38	10.15	7.91
mmu-miR-654-5p	0	0	0	0	0	0	0	0	0	0	0	0
mmu-miR-654-3p	0	0	0	0	0	0	0	0	0	0	0	0
mmu-miR-92b-3p	9.22	8.2	8.25	8.74	9.28	7.75	10.19	9.81	9.13	9.01	8.56	9.62
mmu-miR-466d-5p	0	0	0	0	0	0	0	0	0	0	0	0
mmu-miR-466d-3p	0	0	0	0	0	0	0	0	2.62	0	0	0
mmu-miR-878-5p	0	0	0	0	0	0	0	0	0	0	0	0
mmu-miR-878-3p	0	0	0	0	0	0	0	0	0	0	0	0
mmu-miR-872-5p	11.1	10.77	9.32	9.4	11.81	10.54	10.69	10.71	10.56	10.8	11.22	10.6
mmu-miR-872-3p	9.68	10.2	10.57	10.33	9.7	9.58	10.16	8.64	9.43	9.11	8.56	8.68
mmu-miR-873a-5p	6.29	0	0	0	0	0	0	0	0	0	0	0
mmu-miR-875-5p	0	0	0	0	0	0	0	0	0	0	0	0
mmu-miR-875-3p	0	0	0	0	0	0	0	0	0	0	0	0
mmu-miR-208b-3p	0	9.93	0	0	8.28	5.61	9.35	10.89	7.87	0	0	9.8
mmu-miR-511-5p	6.29	0	0	0	6.77	4.45	6.42	0	5.43	0	0	5.17
mmu-miR-544-3p	0	0	0	0	0	0	0	0	0	0	0	0
mmu-miR-598-3p	6.22	6.61	0	0	0	3.8	4.77	0	4.55	5.21	0	7.1
mmu-miR-653-5p	8.61	7.68	7.32	8.81	8.35	8.51	8.74	7.12	8.71	8.28	0	8.34
mmu-miR-582-5p	6.22	0	0	0	0	4.8	0	5.05	3.55	0	0	5.1
mmu-miR-582-3p	0	6.68	7.32	0	6.77	5.87	7.16	7.12	7.21	7.28	0	6.75
mmu-miR-467e-5p	6.22	0	0	0	0	3.8	4.77	0	3.55	0	0	0
mmu-miR-467e-3p	0	0	0	0	0	0	0	0	0	0	0	0
mmu-miR-376c-5p	0	0	0	0	0	0	0	0	2.55	0	0	0
mmu-miR-30c-2-3p	11.22	11.37	10.95	11.65	11.65	11.05	11.56	11.26	11.28	11.32	11.37	11.44
mmu-let-7c-2-3p	8.54	9.78	0	9.33	10.02	9.16	9.52	9.22	9.26	8.91	0	9.27
mmu-miR-24-2-5p	11.87	12	11.84	12.39	12.06	12.17	12.59	12.53	12.48	12.36	11.73	12.27
mmu-miR-181a-2-3p	15.06	15.36	15.1	15.03	15.48	14.96	15.36	15	15.06	15.24	15.05	14.61
mmu-miR-218-2-3p	0	0	0	0	0	0	0	0	0	0	0	0
mmu-miR-449b	0	0	0	0	0	0	0	0	0	0	0	0
mmu-miR-467b-5p	0	0	0	0	0	0	0	0	0	0	0	0
mmu-miR-1224-5p	0	0	0	0	0	0	0	0	0	0	0	0
mmu-miR-466l-3p	0	0	0	0	0	0	0	0	0	0	0	0
mmu-miR-669k-3p	0	0	0	0	0	0	0	0	0	0	0	0
mmu-miR-669g	0	0	0	0	0	0	0	0	0	0	0	0
mmu-miR-669d-5p	0	0	0	0	0	0	4.77	0	0	0	0	0
mmu-miR-669d-5p	0	0	0	0	0	0	0	0	2.55	0	0	0
mmu-miR-466i-3p	0	0	0	0	0	0	0	0	0	0	0	0
mmu-miR-1b-5p	16.56	16.91	16.64	16.43	16.4	17.22	16.57	16.82	17.18	16.78	16.98	16.83
mmu-miR-1187	0	0	0	0	0	0	0	0	0	0	0	0
mmu-miR-669j	0	0	0	0	0	0	0	0	0	0	0	0
mmu-miR-669f-3p	0	0	0	0	0	0	0	0	2.48	0	0	0
mmu-miR-669i	0	0	0	0	0	0	0	0	0	0	0	0
mmu-miR-669h-5p	0	0	0	0	0	0	0	0	0	0	0	0
mmu-miR-669h-3p	0	0	0	0	0	0	0	0	0	0	0	0
mmu-miR-1188-5p	0	0	0	0	0	0	0	0	0	0	0	0
mmu-miR-466f	0	0	0	0	0	0	0	0	0	0	0	0
mmu-miR-466k	0	0	0	0	0	0	0	0	0	0	0	0
mmu-miR-467f	0	0	0	0	0	0	0	0	0	0	0	0
mmu-miR-1190	0	0	0	0	0	0	0	0	0	0	0	0
mmu-miR-466j	0	0	0	0	0	0	0	0	0	0	0	0
mmu-miR-1191	0	0	0	0	0	5.19	0	0	4.62	0	0	5.17
mmu-miR-1192	0	0	0	0	0	0	0	0	0	0	0	0
mmu-miR-1193-3p	6.29	0	0	0	0	4.45	0	0	3.62	0	0	0
mmu-miR-669e-5p	0	0	0	0	0	0	0	0	0	0	0	0
mmu-miR-467g	0	0	0	0	0	0	0	0	0	0	0	0
mmu-miR-467h	0	0	0	0	0	0	0	0	0	0	0	0
mmu-miR-1195	0	0	0	0	0	0	0	0	0	0	0	0
mmu-miR-1197-3p	0	0	0	0	0	0	0	0	0	0	0	0
mmu-miR-1198-5p	7.81	8.2	0	9.33	0	8.19	8.47	8.51	8.25	7.21	8.56	8.56
mmu-miR-1199-5p	8.37	6.75	7.4	7.89	9.43	8.07	8.23	7.78	7.98	8.35	0	6.83
mmu-miR-1902	0	0	0	0	0	0	0	0	0	0	0	0
mmu-miR-1897-5p	0	0	0	0	0	0	0	0	0	0	0	0
mmu-miR-1897-3p	0	0	0	0	0	0	0	0	0	0	0	0
mmu-miR-1905	0	0	0	0	0	0	0	0	0	0	0	0
mmu-miR-1895	0	0	0	0	0	0	0	0	0	0	0	0
mmu-miR-1903	0	0	0	0	0	0	0	0	0	0	0	0
mmu-miR-1899	0	0	0	0	0	0	0	0	0	0	0	0
mmu-miR-1900	0	0	0	0	6.7	0	0	0	0	0	0	0
mmu-miR-1892	0	0	0	0	0	0	0	0	0	0	0	0
mmu-miR-1906	0	0	0	0	0	0	0	0	0	0	0	0
mmu-miR-1906	0	0	0	0	0	0	0	0	0	0	0	0
mmu-miR-1896	0	0	0	0	0	0	0	0	0	0	0	0
mmu-miR-1904	0	0	0	0	0	0	0	0	0	0	0	0
mmu-miR-1898	0	0	0	0	0	0	0	0	0	0	0	0
mmu-miR-1907	0	0	0	0	0	0	0	0	0	0	0	0
mmu-miR-1894-5p	0	0	0	0	0	0	0	0	0	0	0	0
mmu-miR-1894-3p	0	0	0	0	0	0	0	0	0	0	0	0
mmu-miR-1893	0	0	0	0	0	0	0	0	0	0	0	0
mmu-miR-1901	0	0	0	0	0	0	0	0	0	0	0	0
mmu-miR-1927	0	0	0	0	0	0	0	0	0	0	0	0
mmu-miR-1928	0	0	0	0	0	0	0	0	0	0	0	0
mmu-miR-1929-5p	0	0	0	0	0	0	0	0	3.48	0	0	0
mmu-miR-1930-5p	0	0	0	0	0	0	0	5.05	4.13	0	0	0
mmu-miR-1931	0	0	0	0	0	0	0	0	0	0	0	0
mmu-miR-1932	0	0	0	0	0	0	4.77	0	2.55	0	0	0
mmu-miR-1933-5p	0	0	0	0	0	0	0	0	0	0	0	0
mmu-miR-1933-3p	6.22	7.61	7.25	0	6.7	7.32	7.35	6.05	7.36	7.79	0	6.1
mmu-miR-1934-5p	0	6.54	7.18	0	0	4.32	6.7	5.99	2.48	6.14	0	5.03
mmu-miR-1936	0	0	0	0	0	0	0	0	0	0	0	0
mmu-miR-1938	0	0	7.25	0	0	2.8	4.77	5.05	2.55	5.21	0	5.1
mmu-miR-1940	0	0	0	0	6.39	0	0	0	2.24	0	0	0
mmu-miR-1941-5p	0	0	0	0	0	0	0	0	2.42	0	0	0
mmu-miR-1941-3p	0	0	0	0	0	2.87	4.84	0	0	0	0	0
mmu-miR-1942	0	0	0	0	0	0	0	0	0	0	0	0
mmu-miR-1943-5p	10.8	11.24	11.51	10.68	10.72	11.35	10.51	10.82	10.57	10.6	10.49	11.08
mmu-miR-1945	0	0	0	0	0	2.8	0	5.05	0	0	0	0
mmu-miR-1306-3p	0	0	0	0	0	4.45	0	0	4.21	0	0	0
mmu-miR-1946a	0	0	0	0	0	0	0	0	0	0	0	0
mmu-miR-1947-5p	6.22	6.61	8.25	8.74	8.28	7.8	8.77	7.38	8.25	6.79	0	8.56
mmu-miR-1948-3p	0	0	0	0	0	2.8	4.77	0	3.55	5.21	0	0
mmu-miR-1949	0	0	0	0	0	0	0	0	0	0	0	0
mmu-miR-1950	0	0	0	0	0	0	0	0	0	0	0	0
mmu-miR-669l-5p	0	0	0	0	0	0	0	0	0	0	0	0
mmu-miR-669m-3p	0	0	0	0	0	0	0	0	0	0	0	0
mmu-miR-669m-3p	0	0	0	0	0	0	0	0	0	0	0	0
mmu-miR-669o-5p	0	0	0	0	0	2.73	0	0	0	0	0	0
mmu-miR-1951	0	0	0	0	0	0	0	0	0	0	0	0
mmu-miR-1952	0	0	0	0	0	0	0	0	0	0	0	0
mmu-miR-1953	0	0	0	0	0	0	0	0	0	0	0	0
mmu-miR-1954	0	0	0	0	0	0	4.84	0	0	0	0	0
mmu-miR-1955-5p	6.03	0	0	0	0	2.61	0	0	2.36	6.6	0	4.91
mmu-miR-669n	0	0	0	0	0	0	0	0	0	0	0	0
mmu-miR-1956	0	0	0	0	0	0	0	0	2.55	0	0	0
mmu-miR-1957a	0	0	0	0	0	0	0	0	0	0	0	0
mmu-miR-1958	0	0	0	0	0	3.8	0	0	2.55	0	0	0
mmu-miR-1960	0	7.61	0	0	6.7	4.38	0	0	0	0	0	0
mmu-miR-1961	0	0	0	0	0	0	0	0	0	0	0	0
mmu-miR-1962	0	0	0	0	0	0	0	0	0	0	0	0
mmu-miR-1963	8.74	8.54	7.18	9.68	9.63	9.43	8.79	9.31	9.04	9.95	8.49	9.2
mmu-miR-1964-3p	0	6.61	7.25	0	6.7	5.8	7.09	6.64	7.07	6.21	8.56	0
mmu-miR-1966-5p	0	0	0	0	0	0	0	0	0	0	0	0
mmu-miR-1967	0	0	0	0	0	0	0	0	0	0	0	0
mmu-miR-1968-5p	6.09	6.48	7.12	0	0	7.53	6.63	5.92	7.06	7.88	8.43	6.97
mmu-miR-1969	0	0	0	0	0	0	0	0	0	0	0	0
mmu-miR-1946b	0	0	0	0	0	0	0	0	0	0	0	0
mmu-miR-1970	0	0	0	0	0	0	0	0	0	0	0	0
mmu-miR-1971	0	0	0	0	0	0	0	0	0	0	0	0
mmu-miR-1983	6.29	6.68	0	7.81	0	5.19	5.84	5.12	4.62	5.28	0	5.17
mmu-miR-1839-5p	11.35	11.56	10.95	12.07	11.95	11.15	11.99	11.87	12.1	11.99	11.15	11.67
mmu-miR-1839-3p	8.15	6.54	8.77	7.68	6.63	8.49	8.4	8.16	7.84	8.14	9.49	8.84
mmu-miR-1981-5p	8.41	8.06	8.71	0	8.89	8.22	8.34	6.92	8.23	8.54	0	7.77
mmu-miR-1982-5p	0	0	0	0	0	0	0	5.2	0	0	0	0
mmu-miR-1982-3p	6.15	0	7.18	0	0	4.32	6.7	6.57	4.07	0	0	5.03
mmu-miR-1249-3p	10.61	10.86	10.57	11.33	11.22	10.86	10.6	10.34	10.63	10.53	10.56	10.74
mmu-miR-2136	0	0	0	0	0	2.87	0	0	0	0	0	0
mmu-miR-2137	0	0	0	7.81	6.77	5.68	0	0	3.62	0	0	5.17
mmu-miR-2139	0	0	0	0	0	0	0	0	0	0	0	0
mmu-miR-432	0	0	0	0	0	0	0	0	0	0	0	0
mmu-miR-599	0	0	0	0	0	0	0	0	0	0	0	0
mmu-miR-767	0	0	0	0	0	0	0	0	0	0	0	0
mmu-miR-664-3p	10.68	10.86	10.84	11.55	12.22	11.98	11.53	11.36	11.26	11.34	10.88	11.19
mmu-miR-2861	0	0	0	0	0	0	0	0	0	0	0	0
mmu-miR-1247-5p	9.39	8.93	9.25	9.33	10.02	9.35	10.41	8.51	9.29	8.91	9.56	9.35
mmu-miR-1247-3p	0	6.68	7.32	0	0	5.19	7.42	7.12	4.94	6.28	0	5.17
mmu-miR-1264-5p	0	0	0	0	0	0	0	0	0	0	0	0
mmu-miR-1264-3p	0	0	0	0	0	0	0	0	0	0	0	0
mmu-miR-1249-5p	0	0	0	0	0	0	0	0	0	0	0	0
mmu-miR-1843a-5p	12.29	12.72	12.23	12.62	12.86	12.29	12.47	12.1	12.5	12.67	11.95	12.19
mmu-miR-1843a-3p	7.22	6.61	0	7.74	8.7	7.61	7.77	7.86	7.87	8.01	0	8.42
mmu-miR-344d-3-5p	0	0	0	0	0	0	0	0	0	0	0	0
mmu-miR-344d-3p	0	0	0	0	0	2.8	0	0	0	0	0	0
mmu-miR-344d-3p	0	0	0	0	0	0	0	0	3.55	0	0	0
mmu-miR-344d-3p	0	0	0	0	0	0	0	0	0	0	0	0
mmu-miR-1298-5p	0	0	0	0	0	0	0	0	2.55	0	0	0
mmu-miR-1298-3p	0	0	0	0	0	0	0	0	0	0	0	0
mmu-miR-3059-5p	0	0	0	0	0	0	0	5.05	0	0	0	0
mmu-miR-3059-3p	0	0	0	0	0	0	0	0	0	0	0	0
mmu-miR-3058-5p	0	0	0	0	0	4.32	0	0	3.48	0	0	0
mmu-miR-3058-3p	0	0	0	0	0	2.87	0	0	4.21	5.28	0	0
mmu-miR-3099-5p	0	0	0	0	0	0	0	0	0	0	0	0
mmu-miR-3099-3p	0	0	0	0	0	0	0	0	2.55	0	0	0
mmu-miR-3106-5p	0	0	0	7.81	0	0	0	0	0	0	0	0
mmu-miR-3106-3p	0	0	0	0	0	0	0	0	0	0	0	0
mmu-miR-344d-1-5p	0	0	0	0	0	0	0	0	0	0	0	0
mmu-miR-3057-5p	7.68	8.48	8.71	9.2	9.37	7.42	7.44	6.92	7.81	8.54	9.43	6.97
mmu-miR-3057-3p	0	0	0	0	6.7	2.8	0	0	0	0	0	5.1
mmu-miR-1251-5p	0	0	0	0	0	0	0	0	0	0	0	0
mmu-miR-1251-3p	0	0	0	0	0	0	0	0	0	0	0	0
mmu-miR-3060-5p	0	0	0	0	0	0	0	0	0	0	0	0
mmu-miR-3060-3p	0	6.61	0	0	8.7	4.38	6.35	0	4.13	0	8.56	0
mmu-miR-3061-5p	7.81	8.2	8.25	7.74	6.7	7.19	7.35	5.05	7.59	6.79	8.56	6.1
mmu-miR-3061-3p	9.54	8.61	10.06	9.74	10.51	9.64	10.23	9.14	10.01	10.67	9.56	9.68
mmu-miR-3062-5p	0	0	0	0	0	0	0	0	0	0	0	0
mmu-miR-3062-3p	0	0	0	0	0	0	0	0	0	0	0	0
mmu-miR-3063-5p	0	0	0	0	0	0	0	0	0	0	0	0
mmu-miR-3063-3p	0	0	0	0	0	0	0	0	0	0	0	0
mmu-miR-3064-5p	0	6.61	0	0	0	0	0	0	0	0	0	0
mmu-miR-3064-3p	0	0	0	0	0	3.8	4.77	0	3.55	0	0	0
mmu-miR-3065-5p	12.05	12.1	12.54	12.39	13.22	12.04	12.79	11.75	12.18	12.92	12.95	12.96
mmu-miR-3065-3p	7.74	8.13	0	0	7.63	7.43	8.51	7.31	7.13	7.72	8.49	8.73
mmu-miR-3066-5p	0	0	0	0	0	0	4.77	0	4.13	0	0	0
mmu-miR-3066-3p	0	0	0	0	0	0	0	0	0	0	0	0
mmu-miR-3067-5p	0	0	0	0	0	0	0	0	0	0	0	0
mmu-miR-3067-3p	0	0	0	0	0	0	0	0	0	0	0	0
mmu-miR-3068-5p	6.09	7.48	0	7.61	7.57	7.25	6.96	6.51	6.88	6.08	0	6.97
mmu-miR-3068-3p	10.75	10.07	10.25	9.33	10.28	9.98	10.16	10.48	10.43	10.34	10.15	10.46
mmu-miR-3069-5p	0	0	0	0	0	3.67	5.63	5.92	4	0	0	4.97
mmu-miR-3069-3p	0	7.61	0	0	7.7	5.12	5.77	6.05	5.55	6.21	0	5.1
mmu-miR-3070a-5p	0	0	0	0	0	0	0	0	0	0	0	0
mmu-miR-3070a-3p	0	0	0	0	0	0	0	0	0	0	0	0
mmu-miR-3070b-5p	0	0	0	0	0	0	0	0	0	0	0	0
mmu-miR-3070b-3p	0	0	0	0	0	0	0	0	0	0	0	0
mmu-miR-3071-5p	12.05	11.93	12.01	11.33	11.74	11.32	10.47	9.38	10.31	10.06	8.56	9.56
mmu-miR-3071-3p	11.13	10.93	11.42	11.33	11.45	10.92	9.41	8.96	9.53	9.85	10.15	9.56
mmu-miR-3072-5p	0	0	0	0	0	0	0	0	0	0	0	0
mmu-miR-3072-3p	0	0	0	0	0	0	0	0	0	0	0	0
mmu-miR-3073a-5p	0	0	0	0	0	0	0	0	2.55	0	0	0
mmu-miR-3073a-3p	0	0	0	0	0	0	0	0	0	0	0	0
mmu-miR-3074-5p	13.32	13.32	13.3	13.81	13.14	13.8	13.27	13.55	13.63	13.72	13.61	14.04
mmu-miR-3074-5p	13.42	13.4	13.36	13.55	13.31	13.86	13.36	13.82	13.59	13.52	14.21	14.09
mmu-miR-3074-1-3p	8.54	7.61	8.84	0	7.7	7.75	8.35	7.64	7.98	8.53	0	9.1
mmu-miR-3075-5p	0	0	0	0	0	0	0	0	0	0	0	0
mmu-miR-3075-3p	0	0	0	0	0	0	0	0	0	0	0	0
mmu-miR-3076-5p	0	0	0	0	0	0	0	0	2.42	0	0	0
mmu-miR-3076-3p	0	0	0	0	6.63	0	4.7	0	3.48	5.14	0	0
mmu-miR-3077-5p	0	0	0	0	0	0	0	0	0	0	0	0
mmu-miR-3077-3p	0	0	0	0	0	0	0	0	2.55	0	0	0
mmu-miR-3078-5p	0	0	0	0	0	0	0	0	2.48	0	0	0
mmu-miR-3078-3p	0	0	0	0	0	0	0	0	0	0	0	0
mmu-miR-3079-5p	0	0	0	0	0	0	0	4.99	0	0	0	0
mmu-miR-3079-3p	0	0	0	0	0	0	0	0	0	0	0	0
mmu-miR-3080-5p	0	0	0	0	0	0	0	0	2.69	0	0	0
mmu-miR-3080-3p	0	0	0	0	0	0	0	0	0	0	0	0
mmu-miR-3081-5p	0	0	0	0	0	0	0	0	0	0	0	0
mmu-miR-3081-3p	0	0	0	0	0	2.73	0	0	0	0	0	0
mmu-miR-3082-5p	0	0	0	0	0	0	0	0	0	0	0	0
mmu-miR-3082-3p	8.54	8.2	0	8.74	8.7	8.58	7.57	7.38	8.3	7.79	8.56	8.91
mmu-miR-3083-5p	0	0	0	0	0	0	0	0	2.55	0	0	0
mmu-miR-3083-3p	0	0	0	0	0	0	0	0	0	0	0	0
mmu-miR-3084-5p	6.22	7.61	0	0	0	6.26	4.77	7.05	4.87	6.21	0	6.1
mmu-miR-3084-5p	7.22	0	0	0	0	4.38	5.77	0	4.87	5.21	0	6.1
mmu-miR-3084-3p	0	6.68	0	0	7.77	6.87	7.84	7.45	7.79	6.86	9.63	7.17
mmu-miR-3084-3p	0	0	0	0	6.77	6.33	7.16	6.12	6.62	7.6	0	7.49
mmu-miR-3085-5p	0	0	0	0	0	0	0	0	0	0	0	0
mmu-miR-3085-3p	0	0	0	0	0	2.87	0	0	2.62	0	0	5.17
mmu-miR-3086-5p	6.37	0	0	0	6.84	5.94	4.91	6.78	5.69	0	0	5.24
mmu-miR-3086-3p	0	0	0	0	0	0	0	0	0	0	0	5.1
mmu-miR-466m-5p	0	0	0	0	0	0	0	0	0	0	0	0
mmu-miR-466m-3p	0	0	0	0	0	0	0	0	0	0	0	0
mmu-miR-669d-2-3p	0	0	0	0	0	0	0	0	0	0	0	0
mmu-miR-466o-5p	0	0	0	0	0	0	0	0	0	0	0	0
mmu-miR-466o-3p	0	0	0	0	0	0	0	0	0	0	0	0
mmu-miR-669p-5p	0	0	0	0	0	2.67	4.63	0	0	0	0	0
mmu-miR-669p-5p	0	0	0	0	0	0	4.63	0	0	0	0	0
mmu-miR-669p-3p	0	0	0	0	0	0	0	0	0	0	0	0
mmu-miR-669p-3p	0	0	0	0	0	0	0	0	0	0	0	0
mmu-miR-466p-5p	0	0	0	0	0	0	0	0	0	0	0	0
mmu-miR-466p-3p	0	0	0	0	0	0	0	0	0	0	0	0
mmu-miR-466n-5p	0	0	0	0	0	0	0	0	0	0	0	0
mmu-miR-466n-3p	0	0	0	0	0	0	0	0	0	0	0	0
mmu-miR-3087-5p	0	0	0	0	0	0	0	0	0	0	0	0
mmu-miR-3087-3p	0	0	0	0	6.77	0	0	0	0	0	8.63	0
mmu-miR-3088-5p	0	0	0	0	0	0	0	0	0	0	0	0
mmu-miR-3088-3p	0	0	0	0	0	0	0	0	0	0	0	0
mmu-miR-3089-5p	0	0	0	0	0	0	0	0	0	0	0	0
mmu-miR-3089-3p	0	0	0	0	0	2.73	0	0	5.07	0	0	0
mmu-miR-3090-5p	0	0	0	0	0	0	0	0	0	0	0	0
mmu-miR-3090-3p	0	0	0	0	0	0	0	0	0	0	0	0
mmu-miR-3091-5p	0	0	0	0	0	0	0	0	0	0	0	0
mmu-miR-3091-3p	0	0	0	0	0	0	0	0	0	0	0	0
mmu-miR-3092-5p	0	0	0	0	0	0	0	0	0	0	0	0
mmu-miR-3092-3p	0	0	0	0	0	0	0	0	0	0	0	0
mmu-miR-3093-5p	0	0	0	0	0	0	0	0	0	0	0	0
mmu-miR-3093-3p	0	0	0	0	0	0	0	0	0	0	0	0
mmu-miR-3094-5p	0	0	0	0	0	0	0	0	0	0	0	0
mmu-miR-3094-3p	0	0	0	0	0	0	0	0	2.62	0	0	0
mmu-miR-3095-5p	0	0	0	0	0	0	0	0	0	0	0	0
mmu-miR-3095-3p	0	0	0	0	0	0	0	0	0	0	0	0
mmu-miR-3097-5p	0	0	0	0	0	0	0	0	0	0	0	0
mmu-miR-3097-3p	0	0	0	0	0	2.8	0	0	0	0	0	0
mmu-miR-3098-5p	0	0	0	0	0	2.8	5.77	5.05	2.55	5.21	0	0
mmu-miR-3098-3p	0	0	0	0	0	3.87	0	0	4.21	5.28	0	0
mmu-miR-3100-5p	0	0	0	0	0	0	0	0	0	0	0	0
mmu-miR-3100-3p	0	0	0	0	0	0	0	0	2.62	0	0	0
mmu-miR-3101-5p	0	0	0	0	0	0	0	0	0	0	0	0
mmu-miR-3101-3p	0	0	0	0	0	0	0	0	0	0	0	0
mmu-miR-344e-5p	0	0	0	0	0	0	0	0	0	0	0	0
mmu-miR-344e-3p	0	0	0	0	0	0	0	0	0	0	0	0
mmu-miR-344b-5p	0	0	0	0	0	0	0	0	0	0	0	0
mmu-miR-344b-3p	0	0	0	0	6.7	0	0	0	2.55	5.21	0	0
mmu-miR-344c-5p	0	0	0	0	0	0	0	0	0	0	0	0
mmu-miR-344c-3p	0	0	0	0	0	0	0	0	0	0	0	0
mmu-miR-344g-5p	0	0	0	0	0	0	0	0	0	0	0	0
mmu-miR-344g-3p	0	0	0	0	0	0	0	0	0	0	0	0
mmu-miR-344f-5p	0	0	0	0	0	0	0	0	0	0	0	0
mmu-miR-344f-3p	0	0	0	0	0	0	0	0	0	0	0	0
mmu-miR-3102-5p	0	0	0	0	0	0	0	0	0	0	0	0
mmu-miR-3102-5p.2-5p	0	0	0	0	0	3.87	0	0	3.62	0	0	0
mmu-miR-3102-3p.2-3p	0	6.68	0	0	6.77	6.45	6.42	5.12	5.21	6.28	0	6.75
mmu-miR-3102-3p	9.48	10.24	9.51	10	10.09	10.26	10.02	9.69	9.39	9.72	8.49	9.73
mmu-miR-3103-5p	0	0	0	0	0	0	0	0	0	0	0	5.17
mmu-miR-3103-3p	0	0	0	0	0	0	0	0	0	0	8.56	0
mmu-miR-3104-5p	0	0	0	0	0	0	0	0	0	0	0	0
mmu-miR-3104-3p	0	0	0	0	0	0	0	0	0	0	0	0
mmu-miR-3105-5p	0	0	0	0	0	0	0	0	0	0	0	0
mmu-miR-3105-3p	0	0	0	0	0	0	0	0	0	0	0	0
mmu-miR-3107-5p	21.15	21.44	21.61	20.9	20.82	21.37	20.89	21.68	21.3	21.53	21.54	21.1
mmu-miR-3107-3p	21.3	21.61	21.8	21.08	20.98	21.55	21.06	21.84	21.47	21.7	21.71	21.27
mmu-miR-3074-2-3p	12.01	12.15	11.98	12.53	12.2	12.32	12.73	12.67	12.62	12.5	11.88	12.41
mmu-miR-3108-5p	0	0	0	0	7.63	0	0	0	2.48	0	0	0
mmu-miR-3108-3p	0	0	0	0	0	0	0	0	0	0	0	0
mmu-miR-3109-5p	0	0	0	0	0	0	0	0	0	0	0	0
mmu-miR-3109-3p	6.29	0	0	0	0	0	0	0	0	5.28	0	0
mmu-miR-3110-5p	0	0	0	0	0	0	0	0	0	0	0	0
mmu-miR-3110-3p	0	0	0	0	0	0	0	0	0	0	0	0
mmu-miR-374c-5p	0	7.75	0	0	0	5.75	6.91	0	6.28	0	0	7.24
mmu-miR-374c-3p	6.44	8.83	9.8	7.97	7.92	8.72	8.57	9.08	8.16	8.24	0	8.49
mmu-miR-3112-5p	0	0	0	0	0	0	0	0	0	0	0	0
mmu-miR-3112-3p	0	0	0	0	0	0	0	0	0	0	0	0
mmu-miR-1912-5p	0	0	0	0	0	0	0	0	0	0	0	0
mmu-miR-1912-3p	0	0	0	0	0	0	0	0	0	0	0	0
mmu-miR-3113-5p	0	0	0	0	0	0	0	0	0	0	0	0
mmu-miR-3113-3p	0	0	0	0	0	0	0	5.2	0	0	0	0
mmu-miR-344d-2-5p	0	0	0	0	0	0	0	0	0	0	0	0
mmu-miR-3475-3p	0	0	0	0	0	2.87	0	0	2.62	0	0	0
mmu-miR-3470a	0	0	0	0	0	0	0	0	0	0	0	0
mmu-miR-3470b	0	0	0	0	0	0	0	0	0	0	0	0
mmu-miR-3471	0	0	0	0	0	0	0	0	0	0	0	0
mmu-miR-3471	0	0	0	0	0	0	0	0	0	0	0	0
mmu-miR-3472	0	0	0	0	0	0	0	0	0	0	0	0
mmu-miR-3473a	0	0	0	0	0	0	0	0	0	0	0	0
mmu-miR-3474	0	0	0	0	0	0	0	0	2.55	0	0	0
mmu-miR-1a-1-5p	7.15	7.54	0	0	8.22	7.12	6.7	6.57	7.13	6.14	8.49	6.62
mmu-miR-23b-5p	0	0	0	0	0	0	0	0	2.62	0	0	0
mmu-miR-99a-3p	9.61	8.27	8.32	9.4	9.09	9.42	9.42	8.71	9.1	9.28	10.22	9.08
mmu-miR-128-1-5p	8.88	7.68	7.32	8.81	8.35	8.16	8.16	8.12	9	8.6	0	8.17
mmu-miR-130a-5p	0	0	7.25	0	0	0	0	0	0	0	0	0
mmu-miR-132-5p	0	0	0	0	0	5.38	5.77	0	4.87	5.21	0	5.1
mmu-miR-134-3p	0	0	0	0	0	2.94	0	0	3.69	0	0	5.24
mmu-miR-137-5p	0	0	0	0	0	0	0	0	0	0	0	0
mmu-miR-138-2-3p	0	0	0	0	0	0	4.84	0	0	0	0	0
mmu-miR-144-5p	7.74	10.13	9.18	8.68	9.22	8.9	10.13	8.57	9.28	8.72	9.49	8.62
mmu-miR-146a-3p	0	0	0	0	0	0	0	0	0	0	0	0
mmu-miR-149-3p	0	0	0	0	0	0	0	0	0	0	0	0
mmu-miR-152-5p	9.68	8.8	7.12	0	8.57	9.31	10.39	9.73	9.89	10.03	10.43	9.29
mmu-miR-153-5p	0	0	0	0	0	0	0	0	0	0	0	0
mmu-miR-155-3p	0	0	0	0	0	0	0	0	0	0	0	0
mmu-miR-129-1-3p	0	0	0	0	0	0	0	0	3.55	0	0	0
mmu-miR-182-3p	0	0	0	0	0	0	0	0	0	0	0	0
mmu-miR-185-3p	0	0	0	0	0	5.45	5.84	5.12	4.62	5.28	8.63	6.75
mmu-miR-187-5p	6.22	6.61	0	0	0	0	0	0	2.55	5.21	0	0
mmu-miR-190a-3p	0	0	0	0	0	4.8	5.77	5.05	4.55	6.21	0	0
mmu-miR-194-1-3p	0	0	0	0	0	0	0	0	0	0	0	0
mmu-miR-195a-3p	6.22	7.61	7.25	0	8.7	7.75	7.94	7.86	7.19	7.21	8.56	5.1
mmu-miR-201-3p	0	0	0	0	0	0	0	0	0	0	0	0
mmu-miR-204-3p	0	0	0	0	0	2.87	0	0	0	0	0	0
mmu-miR-205-3p	0	0	0	0	0	0	0	0	0	0	0	0
mmu-miR-206-5p	0	0	0	0	0	0	0	0	0	0	0	0
mmu-miR-122-3p	0	0	0	0	6.84	3.94	5.91	0	0	0	0	5.24
mmu-miR-143-5p	9.75	10.93	10.13	10.4	10.35	9.89	9.36	9.21	9.49	8.74	8.63	9.08
mmu-miR-298-3p	0	0	0	0	0	0	0	0	0	0	0	0
mmu-miR-301a-5p	0	0	0	0	0	3.8	5.77	0	4.87	0	0	6.1
mmu-miR-106a-3p	0	0	0	0	0	0	0	0	0	0	0	0
mmu-miR-19b-2-5p	0	0	0	0	0	0	0	0	0	0	0	0
mmu-miR-30d-3p	10.47	10.31	10.42	10.74	10.61	10.03	10.55	10.51	10.02	10.6	8.56	10.35
mmu-miR-192-3p	0	6.61	0	0	6.7	0	4.77	0	0	0	0	0
mmu-miR-196a-1-3p	0	0	0	0	0	0	0	0	0	0	0	0
mmu-miR-208a-5p	0	0	0	0	0	0	0	0	2.55	0	0	0
mmu-let-7a-2-3p	0	0	0	0	0	0	0	6.12	2.62	0	0	0
mmu-let-7e-3p	6.22	0	7.25	7.74	6.7	5.61	5.77	6.05	6.72	0	0	5.1
mmu-let-7f-2-3p	7.88	7.68	8.32	9.4	9.35	8.87	9.16	7.93	8.45	8.6	8.63	8.87
mmu-miR-16-2-3p	6.22	0	0	0	0	4.8	0	0	4.55	5.21	0	0
mmu-miR-23a-5p	0	0	0	0	0	0	0	0	0	0	0	0
mmu-miR-26a-1-3p	0	0	0	0	0	0	0	0	0	0	0	0
mmu-miR-96-3p	0	0	0	0	0	0	0	0	0	0	0	0
mmu-miR-34a-3p	0	0	0	0	0	2.87	0	5.12	4.21	5.28	0	0
mmu-miR-98-3p	7.22	6.61	0	7.74	8.28	5.97	7.35	5.05	7.07	6.21	8.56	0
mmu-miR-103-1-5p	0	0	0	0	0	0	0	0	3.48	0	0	0
mmu-miR-103-2-5p	0	0	0	0	0	0	0	0	0	5.14	0	0
mmu-miR-326-5p	0	0	0	0	0	0	0	0	0	0	0	0
mmu-miR-328-5p	0	0	0	0	0	0	0	5.05	0	0	0	0
mmu-miR-329-5p	0	0	7.25	0	0	6.12	4.77	0	5.72	5.21	0	5.1
mmu-miR-148b-5p	7.68	9.06	9.12	8.61	8.89	9.3	8.72	8.92	8.84	8.78	9.43	8.29
mmu-miR-341-5p	0	6.68	0	0	0	0	0	0	3.62	0	0	0
mmu-miR-344-5p	0	0	0	0	0	0	0	0	0	0	0	0
mmu-miR-344-5p	0	0	0	0	0	0	0	0	0	0	0	0
mmu-miR-346-3p	0	0	0	0	0	0	0	0	0	0	0	0
mmu-miR-350-5p	7.44	9.42	8.47	9.55	9.24	8.58	9.16	8.45	8.3	9.01	9.78	7.32
mmu-miR-351-3p	0	0	0	0	0	0	0	0	0	5.28	0	0
mmu-miR-135b-3p	0	0	0	0	0	0	0	0	0	0	0	0
mmu-miR-101b-5p	0	0	0	0	0	0	0	0	2.48	0	0	0
mmu-miR-1a-2-5p	0	0	0	0	0	5.05	0	0	4.48	0	0	5.03
mmu-miR-107-5p	0	0	0	0	0	0	0	0	0	0	0	0
mmu-miR-25-5p	0	6.61	0	0	0	0	0	0	4.55	6.21	0	0
mmu-miR-32-3p	0	0	0	0	0	3.87	0	5.12	3.62	0	0	0
mmu-miR-100-3p	0	6.61	0	0	0	6.12	5.77	5.05	5.87	6.21	0	6.1
mmu-miR-210-5p	0	0	0	0	0	2.8	0	0	0	0	0	0
mmu-miR-212-5p	0	6.54	8.77	0	6.63	6.73	6.28	6.57	6.57	6.14	0	6.62
mmu-miR-216a-3p	0	0	0	0	0	0	4.77	0	0	0	0	0
mmu-miR-219a-1-3p	0	6.61	0	0	0	5.12	6.35	5.05	5.72	6.79	0	0
mmu-miR-223-5p	0	0	0	0	0	4.32	5.7	5.99	4.8	5.14	0	6.03
mmu-miR-320-5p	0	0	7.25	0	0	2.8	0	0	0	0	0	0
mmu-miR-26a-2-3p	7.22	6.61	0	0	6.7	7.19	6.35	7.64	6.13	0	0	7.1
mmu-miR-211-3p	0	0	0	0	0	0	0	0	0	0	0	0
mmu-miR-221-5p	7.56	0	0	0	6.45	7.3	7.1	6.8	7.05	5.96	9.31	7.17
mmu-miR-222-5p	0	0	0	0	6.77	5.19	5.84	0	4.21	7.28	0	0
mmu-miR-224-3p	0	0	0	0	0	0	0	0	0	0	0	0
mmu-miR-29b-2-5p	0	6.42	0	0	7.51	6.51	6.57	6.86	5.36	6.01	0	6.91
mmu-miR-135a-2-3p	0	0	0	0	0	0	0	0	0	0	0	0
mmu-miR-19b-1-5p	0	0	0	0	0	0	0	0	2.48	0	0	5.03
mmu-miR-92a-1-5p	0	8.13	0	0	7.63	6.19	7.51	6.57	6.29	6.14	0	5.03
mmu-miR-181b-1-3p	0	0	0	0	6.92	3.02	4.99	0	2.77	5.43	0	0
mmu-miR-181c-3p	7.22	8.2	8.84	7.74	6.7	7.66	8.67	7.86	8.16	8.38	0	7.68
mmu-miR-128-2-5p	0	0	0	0	0	0	0	0	0	0	0	0
mmu-miR-7a-2-3p	0	0	0	0	0	0	0	0	0	0	0	0
mmu-miR-7b-3p	0	0	0	0	0	0	0	0	0	0	0	0
mmu-miR-217-3p	0	0	0	0	0	0	0	0	0	0	0	0
mmu-miR-194-2-3p	0	0	0	7.74	0	0	0	0	2.55	0	0	0
mmu-miR-361-3p	9.03	9.59	9.38	10.14	9.96	9.36	9.62	9.38	9.16	9.34	9.37	9.37
mmu-miR-363-5p	0	0	0	0	0	0	0	0	0	0	0	0
mmu-miR-365-1-5p	0	6.54	0	0	6.63	5.05	6.28	0	5.29	0	0	6.03
mmu-miR-375-5p	0	0	0	0	0	0	0	0	0	0	0	0
mmu-miR-377-5p	0	0	0	0	0	2.8	0	0	0	0	0	0
mmu-miR-379-3p	6.22	0	7.25	0	0	5.61	5.77	0	4.13	0	0	6.1
mmu-miR-381-5p	0	6.54	0	0	0	2.73	0	0	0	0	0	0
mmu-miR-383-3p	0	0	0	0	0	0	0	0	0	0	0	0
mmu-miR-133b-5p	0	0	0	0	0	0	0	0	0	0	0	0
mmu-miR-181b-2-3p	6.22	6.61	8.25	0	7.7	6.12	4.77	5.05	5.55	5.21	0	5.1
mmu-miR-215-3p	0	0	0	0	0	0	0	0	0	0	0	0
mmu-miR-196b-3p	0	0	0	0	0	6.26	6.77	5.05	6.8	6.21	0	7.91
mmu-miR-410-5p	0	0	0	0	0	0	0	0	0	0	0	0
mmu-miR-412-5p	0	0	0	0	0	2.73	0	0	2.48	0	0	0
mmu-miR-370-5p	0	0	0	0	0	2.94	0	5.2	2.69	0	0	0
mmu-miR-448-5p	0	0	0	0	0	0	0	0	0	0	0	0
mmu-miR-429-5p	0	0	0	0	0	0	0	0	0	0	0	0
mmu-miR-365-2-5p	0	6.54	9.18	0	8.22	7.59	5.7	6.99	7.48	5.14	0	7.35
mmu-miR-449a-3p	0	0	0	0	0	0	0	0	0	0	0	0
mmu-miR-450a-1-3p	0	0	0	0	0	2.8	0	0	3.55	0	0	0
mmu-miR-452-3p	0	0	7.25	0	0	0	0	0	0	0	0	0
mmu-miR-471-3p	0	0	0	0	0	0	0	0	0	0	0	0
mmu-miR-486-3p	21.22	21.51	21.68	20.97	20.89	21.44	20.96	21.75	21.37	21.6	21.61	21.17
mmu-miR-543-5p	0	0	0	0	0	0	4.84	0	0	0	0	0
mmu-miR-539-3p	0	0	0	0	0	0	0	0	0	0	0	0
mmu-miR-541-3p	0	0	0	0	0	0	0	0	0	0	0	0
mmu-miR-547-5p	0	0	0	0	0	0	0	0	0	0	0	0
mmu-miR-367-5p	0	0	0	0	0	0	0	0	0	0	0	0
mmu-miR-494-5p	0	0	0	0	0	0	0	0	2.55	0	0	0
mmu-miR-487b-5p	0	0	0	0	0	0	0	0	0	0	0	0
mmu-miR-302d-5p	0	0	0	0	0	0	0	0	0	0	0	0
mmu-miR-1224-3p	0	0	0	0	0	0	0	0	0	0	0	0
mmu-miR-301b-5p	0	0	0	0	0	0	0	0	0	0	0	0
mmu-miR-216b-3p	0	0	0	0	0	0	0	0	0	0	0	0
mmu-miR-592-3p	0	0	0	0	0	0	0	0	0	0	0	0
mmu-miR-758-5p	0	0	0	0	0	0	0	0	0	0	0	0
mmu-miR-551b-5p	0	0	0	0	0	0	0	0	0	0	0	0
mmu-miR-668-5p	0	0	0	0	0	0	0	0	0	0	0	0
mmu-miR-665-5p	0	0	0	0	0	0	0	0	0	0	0	0
mmu-miR-667-5p	0	0	0	0	0	0	0	0	0	0	0	0
mmu-miR-802-3p	0	0	0	0	0	0	0	0	0	0	0	0
mmu-miR-672-3p	0	0	0	0	0	0	0	0	0	0	0	0
mmu-miR-670-3p	0	0	0	0	0	3.61	0	0	0	0	0	0
mmu-miR-669a-3p	0	0	0	0	0	0	0	0	0	0	0	0
mmu-miR-669a-3p	0	0	0	0	0	0	0	0	0	0	0	0
mmu-miR-669a-3p	0	0	0	0	0	0	0	0	0	0	0	0
mmu-miR-669a-3p	0	0	0	0	0	0	0	0	2.48	0	0	0
mmu-miR-669a-3p	0	0	0	0	0	0	0	0	0	0	0	0
mmu-miR-669a-3p	0	0	0	0	0	0	0	0	0	0	0	0
mmu-miR-669a-3p	0	0	0	0	0	0	0	0	0	0	0	0
mmu-miR-669a-3p	0	0	0	0	0	2.73	0	0	0	0	0	0
mmu-miR-669a-3p	0	0	0	0	0	0	0	0	0	0	0	0
mmu-miR-669a-3p	0	0	0	0	0	0	0	0	0	0	0	0
mmu-miR-669a-3p	0	0	0	0	0	0	0	0	0	0	0	0
mmu-miR-496a-5p	0	0	0	0	0	0	0	0	0	0	0	0
mmu-miR-760-5p	0	0	0	0	0	0	0	0	0	0	0	0
mmu-miR-677-3p	0	7.36	0	0	0	5.72	5.51	0	5.88	4.96	0	5.85
mmu-miR-497-3p	0	0	0	0	0	2.87	0	0	4.21	5.28	0	0
mmu-miR-679-3p	0	0	0	0	0	0	0	0	0	0	0	0
mmu-miR-495-5p	0	0	0	0	0	0	0	0	0	0	0	0
mmu-miR-669b-3p	0	0	0	0	0	0	0	0	0	0	0	0
mmu-miR-669a-3-3p	0	0	0	0	0	0	0	0	0	0	0	0
mmu-miR-669c-3p	0	0	0	0	0	0	0	0	0	0	0	0
mmu-miR-499-3p	0	0	0	0	0	0	0	0	0	0	0	0
mmu-miR-491-3p	0	0	0	0	0	3.8	0	0	0	0	0	0
mmu-miR-700-5p	7.22	7.61	0	0	8.28	7.84	7.57	7.86	7.36	8.01	10.15	7.91
mmu-miR-701-3p	0	0	0	0	0	0	0	0	2.69	0	0	0
mmu-miR-500-5p	0	0	0	0	0	0	0	0	0	0	0	0
mmu-miR-505-5p	0	0	0	0	0	3.73	0	0	2.48	5.14	0	0
mmu-miR-652-5p	0	0	0	0	0	0	0	0	0	0	0	0
mmu-miR-490-5p	0	0	0	0	0	0	0	0	0	0	0	0
mmu-miR-741-5p	0	0	0	0	0	0	0	0	0	0	0	0
mmu-miR-743a-5p	0	0	0	0	0	0	0	0	0	0	0	0
mmu-miR-181d-3p	0	0	0	0	0	0	0	0	0	0	0	0
mmu-miR-871-3p	0	0	0	0	0	2.73	0	5.99	4.48	5.14	0	0
mmu-miR-880-5p	0	0	0	0	0	0	0	0	0	0	0	0
mmu-miR-190b-3p	0	6.54	0	0	0	3.73	0	0	0	0	0	0
mmu-miR-874-5p	0	0	0	0	6.7	2.8	0	0	3.55	0	0	0
mmu-miR-147-5p	0	0	0	0	0	0	0	0	0	0	0	0
mmu-miR-18b-3p	0	0	0	0	0	0	0	0	0	0	0	0
mmu-miR-193b-5p	0	6.61	0	7.74	0	5.61	5.77	5.05	6.64	7.21	0	6.1
mmu-miR-421-5p	0	0	0	0	0	0	0	0	0	0	0	0
mmu-miR-466h-3p	0	0	0	0	0	0	0	0	0	0	0	0
mmu-miR-467c-3p	0	0	0	0	0	0	0	0	0	0	0	0
mmu-miR-493-5p	0	0	0	0	0	3.02	0	0	2.77	0	0	0
mmu-miR-504-3p	0	0	0	0	0	2.8	4.77	0	0	0	0	5.1
mmu-miR-92b-5p	0	0	0	0	0	0	0	0	0	0	0	0
mmu-miR-873a-3p	0	0	0	0	0	0	0	0	0	0	0	0
mmu-miR-208b-5p	0	0	0	0	0	0	0	0	0	0	0	0
mmu-miR-511-3p	7.22	7.61	0	0	0	6.12	7.94	7.38	6.8	5.21	0	6.68
mmu-miR-544-5p	0	0	0	0	0	0	0	0	0	0	0	0
mmu-miR-598-5p	0	0	0	0	0	0	0	0	0	0	0	0
mmu-miR-653-3p	0	0	0	0	0	0	0	0	0	0	0	0
mmu-miR-466l-5p	0	0	0	0	0	0	0	0	0	0	0	0
mmu-miR-669k-5p	0	0	0	0	0	0	0	0	0	0	0	0
mmu-miR-669d-3p	0	0	0	0	0	0	0	0	0	0	0	0
mmu-miR-466i-5p	0	0	0	0	0	0	0	0	0	0	0	0
mmu-miR-1b-3p	0	0	0	0	0	5.32	0	0	4.8	0	0	0
mmu-miR-669f-5p	0	0	0	0	0	0	0	0	0	0	0	0
mmu-miR-1188-3p	0	0	0	0	0	0	0	0	0	0	0	0
mmu-miR-1193-5p	0	0	0	0	0	0	0	0	0	0	0	0
mmu-miR-669e-3p	0	0	0	0	0	0	0	0	0	0	0	0
mmu-miR-1197-5p	0	0	0	0	0	0	0	0	0	0	0	0
mmu-miR-1198-3p	0	0	0	0	0	0	5.77	0	2.55	0	0	0
mmu-miR-1199-3p	6.29	0	0	0	0	5.68	0	5.12	4.94	5.28	0	7.17
mmu-miR-1930-3p	0	0	0	0	0	0	0	0	0	0	0	0
mmu-miR-1934-3p	0	0	0	0	0	0	0	0	0	0	0	0
mmu-miR-1943-3p	0	0	7.32	0	0	2.87	4.84	5.12	4.21	0	0	5.17
mmu-miR-1947-3p	0	0	0	0	0	0	0	0	0	0	0	0
mmu-miR-1948-5p	0	0	0	0	0	3.87	0	0	2.62	0	0	0
mmu-miR-669l-3p	0	0	0	0	0	0	0	0	0	0	0	0
mmu-miR-669m-5p	0	0	0	0	0	0	0	0	0	0	0	0
mmu-miR-669m-5p	0	0	0	0	0	2.73	0	0	2.48	0	0	0
mmu-miR-669o-3p	0	0	0	0	0	2.73	0	0	0	0	0	0
mmu-miR-1955-3p	0	0	0	0	0	3.87	5.84	5.12	4.21	0	0	0
mmu-miR-1964-5p	0	0	0	0	0	0	0	0	0	0	0	0
mmu-miR-1968-3p	0	0	0	0	0	3.87	0	0	0	0	0	0
mmu-miR-1981-3p	8.88	6.68	8.91	7.81	6.77	8.82	9.36	8.12	7.94	7.6	8.63	8.49
mmu-miR-664-5p	7.29	6.68	8.32	7.81	6.77	7.96	7.64	6.71	8.08	7.86	8.63	6.75
mmu-miR-1306-5p	0	6.54	7.18	0	7.63	5.54	6.28	6.57	5.8	6.14	0	6.62
mmu-miR-3960	0	0	0	0	0	0	0	0	0	0	0	0
mmu-miR-3961	0	0	0	0	0	0	0	0	0	0	0	0
mmu-miR-28c	7.37	0	0	0	0	6.75	4.91	0	5.5	5.35	0	5.24
mmu-miR-3962	0	0	0	0	0	0	0	0	0	0	0	0
mmu-miR-3963	0	0	0	0	0	0	0	0	0	0	0	0
mmu-miR-3964	0	0	0	0	0	0	0	5.2	2.69	0	0	0
mmu-miR-1843b-5p	11.68	11.89	11.64	11.62	12.32	11.67	12.05	12.04	12.05	11.85	12.44	12.03
mmu-miR-1843b-3p	9.54	8.34	9.4	9.47	10.54	9.03	9.77	10.33	9.74	10.16	8.71	9.41
mmu-miR-3965	0	0	0	0	0	0	0	0	0	0	0	0
mmu-miR-378b	11.22	10.84	9.98	11.21	10.84	10.74	11.32	11.15	11.33	11.11	11.03	10.6
mmu-miR-101c	12.28	12.59	12.72	12.36	12.92	12.52	12.76	12.74	12.79	12.86	12.59	12.7
mmu-miR-3966	0	0	0	0	0	2.87	0	0	0	0	0	0
mmu-miR-3967	0	0	0	0	0	0	0	0	0	0	0	0
mmu-miR-3968	7.29	7.68	7.32	8.81	8.77	6.33	7.42	0	6.53	0	8.63	0
mmu-miR-3969	0	0	0	0	0	3.94	0	0	0	0	0	0
mmu-miR-28b	0	0	0	0	0	0	0	0	0	0	0	0
mmu-miR-3970	0	6.75	7.4	0	0	0	4.91	6.2	5.02	0	8.71	5.24
mmu-miR-3971	0	0	0	0	0	0	0	0	0	0	0	0
mmu-miR-3473b	0	0	0	0	0	0	0	0	0	0	0	0
mmu-miR-5046	0	0	0	0	0	0	0	0	0	0	0	0
mmu-miR-5098	0	0	0	0	0	0	0	0	0	0	0	0
mmu-miR-5099	11.5	12.15	11.57	12.53	12.6	11.63	12.28	12.07	11.8	12.33	12.41	12.04
mmu-miR-5100	6.29	6.68	0	0	6.77	6.57	7.16	5.12	6.62	8.28	0	6.75
mmu-miR-5101	0	0	0	0	0	0	0	0	2.55	5.21	0	0
mmu-miR-5103	0	0	0	0	0	0	4.91	0	0	0	0	0
mmu-miR-5104	0	0	0	0	0	0	0	0	0	0	0	0
mmu-miR-5106	0	0	0	0	0	0	0	0	0	0	0	0
mmu-miR-3473c	0	0	0	0	0	0	0	0	0	0	0	0
mmu-miR-5107-5p	0	0	0	0	0	0	0	0	0	0	0	0
mmu-miR-5108	0	0	0	0	0	0	0	0	0	0	0	0
mmu-miR-5110	0	0	0	0	0	0	0	0	0	0	0	0
mmu-miR-5112	0	0	0	0	0	0	0	0	0	0	0	0
mmu-miR-5113	0	0	0	0	0	2.73	0	0	0	0	0	0
mmu-miR-5114	0	0	0	0	0	0	4.77	0	0	0	0	0
mmu-miR-5116	0	0	0	0	0	2.87	0	0	2.62	0	0	0
mmu-miR-5118	0	0	0	0	0	0	0	0	0	0	0	0
mmu-miR-5119	0	0	0	0	0	0	0	0	0	0	0	0
mmu-miR-5120	0	0	0	0	0	0	0	0	0	0	0	0
mmu-miR-5121	0	6.68	7.32	0	6.77	6.33	4.84	5.12	6.43	6.28	0	6.75
mmu-miR-5122	0	0	0	0	0	2.94	4.91	0	3.69	0	0	0
mmu-miR-466q	6.37	6.75	0	0	0	5.94	5.91	0	5.02	0	0	0
mmu-miR-3473d	6.09	0	0	7.61	0	5.25	5.63	6.51	5.23	0	8.43	0
mmu-miR-5123	0	0	0	0	0	0	0	0	0	0	0	0
mmu-miR-5124a	0	0	0	0	0	0	0	0	0	0	0	0
mmu-miR-5125	0	0	0	0	0	0	0	0	2.69	0	0	0
mmu-miR-3572-3p	6.15	0	0	0	0	4.73	0	4.99	3.48	0	0	5.03
mmu-miR-5126	0	6.61	0	7.74	7.7	6.71	0	6.05	5.36	0	0	0
mmu-miR-5127	0	0	0	0	0	3.02	0	0	0	0	0	0
mmu-miR-5128	0	0	0	0	0	0	0	0	0	0	0	0
mmu-miR-5129-5p	0	0	0	0	0	0	0	0	0	0	0	0
mmu-miR-5130	0	0	0	0	0	0	0	0	0	0	0	0
mmu-miR-5131	0	0	0	0	0	0	0	0	0	0	0	0
mmu-miR-5132-5p	6.29	0	0	0	0	0	4.84	0	0	0	0	5.17
mmu-miR-5133	0	0	0	0	0	0	0	0	0	0	0	0
mmu-miR-5134-5p	0	0	0	0	0	0	0	0	0	0	0	0
mmu-miR-5135	0	0	0	0	0	0	0	0	0	0	0	0
mmu-miR-5136	0	0	0	0	0	0	0	0	0	0	0	0
mmu-miR-3544-5p	7.15	7.54	7.18	8.68	8.22	7.32	4.7	6.99	5.48	6.14	0	5.03
mmu-miR-3544-3p	8.81	7.61	8.84	8.74	8.28	7.19	0	0	5.72	5.21	0	7.68
mmu-miR-5615-5p	0	0	0	0	0	2.8	0	0	0	0	0	0
mmu-miR-5615-5p	0	0	0	0	6.7	0	4.77	0	2.55	0	0	0
mmu-miR-5615-3p	0	0	0	0	6.7	0	4.77	0	2.55	0	0	0
mmu-miR-5615-3p	0	0	0	0	0	2.8	0	0	0	0	0	0
mmu-miR-1231-5p	0	0	0	0	0	0	0	0	0	0	0	0
mmu-miR-1231-3p	0	0	0	0	0	0	4.7	0	2.48	0	0	0
mmu-miR-5616-5p	0	0	0	0	0	0	4.84	0	0	0	0	0
mmu-miR-5616-3p	0	0	0	0	0	0	0	0	0	0	0	0
mmu-miR-5617-5p	0	0	0	0	0	0	0	0	0	0	0	0
mmu-miR-5617-3p	0	0	0	0	0	0	0	0	0	0	0	0
mmu-miR-5618-5p	0	0	0	0	0	0	0	0	0	0	0	0
mmu-miR-5618-3p	0	0	0	0	0	0	0	0	0	0	0	0
mmu-miR-5619-5p	0	0	0	0	0	0	0	0	0	0	0	0
mmu-miR-5619-3p	0	0	0	0	0	0	0	0	2.55	0	0	0
mmu-miR-5620-5p	0	6.54	0	0	0	0	0	0	0	0	0	0
mmu-miR-5620-3p	0	0	0	0	0	0	0	0	0	0	0	0
mmu-miR-5621-5p	0	0	0	0	0	0	0	0	0	0	0	0
mmu-miR-5621-3p	0	7.68	0	0	0	4.45	0	0	4.21	0	0	5.17
mmu-miR-5622-5p	0	0	0	0	0	0	0	0	0	0	0	0
mmu-miR-5622-3p	0	0	0	0	0	0	0	0	0	0	0	0
mmu-miR-5623-5p	0	0	0	0	0	0	0	0	2.42	0	0	0
mmu-miR-5623-3p	0	0	0	0	0	0	0	0	0	0	0	0
mmu-miR-3073b-5p	0	0	0	0	0	0	0	0	0	0	0	0
mmu-miR-3073b-3p	0	0	0	0	0	0	0	0	2.55	0	0	0
mmu-miR-5624-5p	0	0	0	0	0	0	0	0	0	0	0	0
mmu-miR-5624-3p	0	0	0	0	0	0	0	0	2.55	0	0	0
mmu-miR-5625-5p	0	0	0	0	0	0	0	0	0	0	0	0
mmu-miR-5625-3p	0	0	0	0	0	0	0	0	0	5.01	0	0
mmu-miR-5626-5p	0	0	0	0	0	0	0	0	0	0	0	0
mmu-miR-5626-3p	0	0	0	0	0	0	0	0	0	0	0	0
mmu-miR-344h-5p	0	0	0	0	0	0	0	0	0	0	0	0
mmu-miR-344h-5p	0	0	0	0	0	0	0	0	0	0	0	0
mmu-miR-344h-3p	0	0	0	0	0	0	0	0	0	0	0	0
mmu-miR-344h-3p	0	0	0	0	0	0	0	0	0	0	0	0
mmu-miR-5627-5p	0	0	0	0	0	0	0	0	0	0	0	0
mmu-miR-5627-3p	0	0	0	0	0	0	0	0	2.42	0	0	0
mmu-miR-344i	0	0	0	0	0	0	0	0	0	0	0	0
mmu-miR-5709-5p	0	0	0	0	7.7	0	0	5.05	2.55	0	0	5.1
mmu-miR-5710	0	0	0	0	0	0	0	0	0	0	0	0
mmu-miR-184-5p	0	0	0	0	0	0	0	0	0	0	0	0
mmu-miR-468-5p	0	0	0	0	0	0	0	0	0	0	0	0
mmu-miR-489-5p	0	0	0	0	0	0	0	0	2.36	0	0	0
mmu-miR-449c-3p	0	0	0	0	0	0	0	0	0	0	0	0
mmu-miR-1929-3p	0	0	0	0	0	0	0	0	0	0	0	0
mmu-miR-299b-5p	0	6.68	7.32	7.81	0	6.04	0	5.12	4.94	5.28	0	0
mmu-miR-299b-3p	7.53	0	0	0	0	5.69	0	5.36	5.44	0	0	5.4
mmu-miR-219a-2-3p	6.22	0	0	0	0	0	0	0	0	0	0	5.1
mmu-miR-698-5p	0	6.68	0	0	0	0	0	0	0	0	0	0
mmu-miR-702-5p	0	0	0	0	0	0	0	0	0	0	0	0
mmu-miR-1966-3p	0	0	0	0	0	2.73	0	0	3.48	0	0	0
mmu-miR-5107-3p	0	0	0	0	0	3.8	0	0	2.55	0	0	0
mmu-miR-3572-5p	0	0	0	0	0	0	0	0	0	0	0	0
mmu-miR-5129-3p	0	0	0	0	0	4.38	0	0	2.55	0	0	0
mmu-miR-5132-3p	0	0	0	0	0	2.87	0	0	0	0	0	0
mmu-miR-5134-3p	0	0	0	0	0	0	0	0	0	0	0	0
mmu-miR-6236	13.23	13.53	12.17	14.1	12.75	13.72	13.4	12.58	12.57	12.59	13.03	12.05
mmu-miR-6237	0	0	0	0	0	0	0	0	0	0	0	0
mmu-miR-6238	0	0	0	0	0	2.8	0	0	0	0	0	5.1
mmu-miR-6239	0	0	0	0	0	2.94	4.91	0	2.69	0	0	5.24
mmu-miR-6240	10.06	9.82	8	9.08	9.03	9.48	9.37	8.97	8.91	8.41	0	9.02
mmu-miR-6241	0	0	0	0	0	0	0	0	0	0	0	0
mmu-miR-6244	0	0	0	0	0	2.87	0	0	0	0	0	0
mmu-miR-195b	6.22	0	0	0	0	0	0	0	0	0	0	0
mmu-miR-6335	0	0	0	0	0	0	0	0	0	0	0	0
mmu-miR-133c	0	0	0	0	0	3.73	0	0	2.48	5.14	0	0
mmu-miR-6336	0	0	0	0	0	0	0	0	0	0	0	0
mmu-miR-6337	0	0	0	0	0	0	0	0	0	0	0	0
mmu-miR-6338	0	0	0	0	0	0	0	0	0	0	0	0
mmu-miR-6339	0	0	0	0	0	0	0	0	0	0	0	0
mmu-miR-6340	0	0	0	0	0	0	0	0	0	0	0	0
mmu-miR-6341	0	0	0	0	0	0	0	0	0	0	0	0
mmu-miR-6342	0	0	0	0	0	0	0	0	0	0	0	0
mmu-miR-6343	0	0	0	0	0	0	0	0	0	0	0	0
mmu-miR-6344	0	0	0	0	0	0	0	0	0	0	0	0
mmu-miR-6345	0	0	0	0	0	0	0	0	0	0	0	0
mmu-miR-6346	0	0	0	0	0	0	0	0	0	0	0	0
mmu-miR-6347	0	0	0	0	0	0	0	0	0	0	0	0
mmu-miR-6348	0	0	0	0	0	0	0	0	0	0	0	0
mmu-miR-6349	0	0	0	0	0	0	0	0	0	0	0	0
mmu-miR-6350	0	0	0	0	0	0	0	0	0	0	0	0
mmu-miR-6351	0	0	0	0	0	0	0	0	0	0	0	0
mmu-miR-6352	0	0	0	0	0	0	0	0	0	0	0	0
mmu-miR-6353	0	0	0	0	0	0	0	0	2.48	0	0	0
mmu-miR-6354	0	0	0	0	0	0	0	0	0	0	0	0
mmu-miR-6355	0	0	0	0	0	0	0	0	0	0	0	0
mmu-miR-6356	0	0	0	0	0	0	0	0	0	0	0	0
mmu-miR-6357	0	0	0	0	0	0	0	0	0	0	0	0
mmu-miR-6358	0	0	0	0	0	0	0	0	0	0	0	0
mmu-miR-6359	0	0	0	0	0	0	0	0	0	0	0	0
mmu-miR-6360	0	0	0	0	0	0	0	0	0	0	0	0
mmu-miR-6361	0	0	0	0	0	0	0	0	0	0	0	0
mmu-miR-145b	0	0	7.32	0	0	0	4.84	0	3.62	6.28	0	6.17
mmu-miR-6362	0	0	0	0	0	0	0	0	0	0	0	0
mmu-miR-6363	0	0	0	0	0	0	0	0	0	0	0	0
mmu-miR-6364	0	0	0	0	0	0	0	0	0	0	0	0
mmu-miR-6365	0	0	0	0	0	0	0	0	0	0	0	0
mmu-miR-6366	0	0	0	0	0	0	0	0	0	0	0	0
mmu-miR-6367	0	0	0	0	0	0	0	0	0	0	0	0
mmu-miR-6368	0	0	0	0	0	0	0	0	0	0	0	0
mmu-miR-6369	0	0	0	0	0	0	0	0	0	0	0	0
mmu-miR-6370	0	0	0	0	0	0	0	0	0	0	0	0
mmu-miR-6371	0	0	0	0	0	0	0	0	0	0	0	0
mmu-miR-6372	0	0	0	0	0	0	0	0	0	0	0	0
mmu-miR-6373	0	0	0	0	0	0	0	0	0	0	0	0
mmu-miR-6374	0	0	0	0	0	0	0	0	0	0	0	0
mmu-miR-6375	0	0	0	0	0	0	0	0	0	0	0	0
mmu-miR-6376	0	0	0	0	0	0	0	0	0	0	0	0
mmu-miR-21b	0	0	0	0	6.63	5.73	4.7	0	6.29	0	0	5.03
mmu-miR-6377	0	0	0	0	0	0	0	0	0	0	0	0
mmu-let-7j	12.16	12.12	11.71	12.07	12.72	11.91	12.75	12.12	12.36	12.53	11.89	12.42
mmu-miR-6378	0	0	0	0	0	0	0	0	0	0	0	0
mmu-miR-6379	0	0	0	0	0	0	0	0	0	0	0	0
mmu-miR-6380	0	0	0	0	0	0	0	0	0	0	0	0
mmu-miR-6381	0	0	0	0	0	0	0	0	0	0	0	0
mmu-miR-6382	0	0	0	0	0	0	0	0	0	0	0	0
mmu-miR-6383	0	0	0	0	0	0	0	0	0	0	0	0
mmu-miR-6384	0	0	0	0	0	0	0	0	0	0	0	0
mmu-miR-6385	0	0	0	0	0	0	0	0	0	0	0	0
mmu-miR-130c	6.22	0	0	0	6.7	0	0	0	2.55	0	0	0
mmu-miR-6386	0	0	0	0	0	0	0	0	0	0	0	0
mmu-miR-6387	0	0	0	0	0	0	0	0	0	0	0	0
mmu-miR-6388	0	0	0	0	0	0	0	0	0	0	0	0
mmu-miR-5124b	0	0	0	0	0	0	0	0	0	0	0	0
mmu-miR-6389	0	0	0	0	0	0	0	0	0	0	0	0
mmu-miR-378c	16.13	16.1	15.93	16.15	16.41	15.86	16.42	16.28	16.34	16.35	16.37	16.02
mmu-miR-6390	0	0	0	0	0	2.87	4.84	6.12	3.62	0	0	0
mmu-miR-6391	0	0	0	0	0	0	0	0	0	0	0	0
mmu-miR-6392-5p	0	0	0	0	0	0	4.7	0	2.48	0	0	0
mmu-miR-6392-3p	0	0	0	0	0	0	0	0	0	0	0	0
mmu-miR-6393	0	0	0	0	0	0	0	0	0	0	0	0
mmu-miR-6394	0	0	0	0	0	0	0	0	0	0	0	0
mmu-miR-1957b	0	0	0	0	0	0	0	0	0	0	0	0
mmu-miR-6395	0	0	0	0	0	0	0	0	2.55	0	0	0
mmu-miR-6396	0	0	0	0	0	0	0	0	0	0	0	0
mmu-miR-21c	0	6.68	7.32	0	8.35	4.87	0	6.71	4.94	6.28	0	5.17
mmu-miR-6397	0	0	0	0	0	0	0	0	0	0	0	0
mmu-miR-6398	0	0	0	0	0	0	0	0	0	0	0	0
mmu-miR-6399	0	0	0	0	0	0	0	0	0	0	0	0
mmu-miR-6400	0	0	0	0	0	0	0	0	0	0	0	0
mmu-miR-6401	0	0	0	0	0	0	0	0	0	0	0	0
mmu-miR-6402	0	0	0	0	0	0	0	0	0	0	0	0
mmu-miR-6403	0	0	0	0	0	0	0	0	0	0	0	0
mmu-miR-6404	0	0	0	0	0	0	0	0	0	0	0	0
mmu-miR-6405	0	0	0	0	0	0	0	0	0	0	0	0
mmu-miR-496b	0	0	0	0	0	0	0	0	0	0	0	0
mmu-miR-6406	6.22	0	0	0	0	5.61	6.77	6.05	4.13	6.21	8.56	5.1
mmu-miR-6407	0	0	0	0	0	0	0	0	0	0	0	0
mmu-miR-6408	0	0	0	0	0	0	0	0	0	0	0	0
mmu-miR-6409	0	0	0	0	0	0	0	0	0	0	0	0
mmu-miR-6410	0	0	0	0	0	0	0	0	0	0	0	0
mmu-miR-6411	0	0	0	0	0	0	0	0	0	0	0	0
mmu-miR-6412	0	0	0	0	0	0	0	0	0	0	0	0
mmu-miR-6413	0	0	0	0	0	0	0	0	0	0	0	0
mmu-miR-378d	14.72	14.94	14.82	14.84	14.96	14.51	15.44	14.84	14.96	15.05	14.71	14.65
mmu-miR-6414	0	0	0	0	0	0	0	0	0	0	0	0
mmu-miR-6415	0	0	0	0	0	0	0	0	0	0	0	0
mmu-miR-6416-5p	0	0	0	0	0	0	0	0	0	0	0	0
mmu-miR-6416-3p	0	0	0	0	0	0	0	0	0	0	0	0
mmu-miR-6417	0	0	0	0	0	0	0	0	0	0	0	0
mmu-miR-6418-5p	0	0	0	0	0	0	0	0	0	0	0	0
mmu-miR-6418-3p	0	0	0	0	6.7	2.8	4.77	0	0	0	0	0
mmu-miR-6419	0	0	0	0	0	0	0	0	0	0	0	0
mmu-miR-6420	0	0	0	0	0	0	0	0	0	0	0	0
mmu-miR-873b	6.22	0	0	0	0	0	0	0	0	0	0	0
mmu-miR-451b	0	0	0	0	0	2.87	0	0	0	0	0	0
mmu-miR-30f	13.81	13.48	13.56	13.97	13.8	13.35	13.9	13.8	13.91	14.02	13.56	13.55
mmu-let-7k	6.44	7.83	7.47	0	0	6.48	7.99	7.86	6.68	7.75	0	6.91
mmu-miR-6537-5p	0	0	0	0	0	0	0	0	0	0	0	0
mmu-miR-6537-3p	0	0	0	0	0	0	0	0	0	0	0	0
mmu-miR-6538	7.44	8.83	7.47	7.97	0	8.23	8.8	6.86	7.3	7.75	8.78	7.64
mmu-miR-6539	0	0	0	0	0	0	0	0	0	0	0	0
mmu-miR-6540-5p	0	0	0	0	0	0	0	0	2.55	0	0	0
mmu-miR-6540-3p	0	0	0	0	0	0	0	0	0	0	0	0
mmu-miR-3473e	0	0	0	0	0	0	0	0	0	0	0	0
mmu-miR-6541	0	0	0	0	0	0	0	0	0	0	0	0
mmu-miR-3475-5p	0	0	0	0	0	0	0	0	0	0	0	0
mmu-miR-5709-3p	0	0	0	0	0	0	0	0	0	0	0	0
mmu-miR-6481	0	0	0	0	0	0	0	0	0	0	0	0
mmu-miR-6516-5p	8.22	6.61	0	7.74	6.7	6.12	7.77	6.64	6.13	6.21	0	6.1
mmu-miR-6516-3p	6.22	0	0	0	0	4.8	4.77	5.05	4.55	5.21	0	0
mmu-miR-6896-5p	0	0	7.25	0	0	2.8	4.77	5.05	5.72	0	0	5.1
mmu-miR-6896-3p	0	0	0	0	0	0	0	0	0	0	0	0
mmu-miR-6897-5p	0	0	0	0	0	0	0	0	0	0	0	0
mmu-miR-6897-3p	0	0	0	0	0	0	0	0	0	0	0	0
mmu-miR-6898-5p	0	0	0	0	0	0	0	0	0	0	0	0
mmu-miR-6898-3p	0	0	0	0	0	0	0	0	0	0	0	0
mmu-miR-6899-5p	0	0	0	0	0	0	0	0	0	0	0	0
mmu-miR-6899-3p	0	7.54	0	0	0	0	4.7	4.99	4.8	6.14	0	0
mmu-miR-6900-5p	0	0	0	0	0	0	0	0	0	0	0	0
mmu-miR-6900-3p	0	0	0	0	0	0	0	0	2.62	0	0	0
mmu-miR-6901-5p	0	0	0	0	0	2.94	0	0	0	0	0	0
mmu-miR-6901-3p	0	0	0	0	0	0	0	0	0	0	0	0
mmu-miR-6902-5p	0	0	0	0	0	0	0	0	0	0	0	0
mmu-miR-6902-3p	0	0	0	0	0	0	0	0	0	0	0	0
mmu-miR-6903-5p	0	0	0	0	0	0	0	0	0	0	0	0
mmu-miR-6903-3p	0	0	0	0	0	0	0	0	0	0	0	0
mmu-miR-6904-5p	0	0	0	0	0	0	0	0	0	0	0	0
mmu-miR-6904-3p	0	0	0	0	0	0	0	0	0	0	0	0
mmu-miR-6905-5p	0	0	0	0	0	0	0	0	0	0	0	0
mmu-miR-6905-3p	0	0	0	0	0	0	0	0	0	0	0	0
mmu-miR-6906-5p	0	0	0	0	0	0	0	0	0	0	0	0
mmu-miR-6906-3p	0	0	0	0	0	0	0	0	0	0	0	0
mmu-miR-6907-5p	0	0	0	0	0	0	0	0	0	0	0	0
mmu-miR-6907-3p	0	0	0	0	0	0	0	0	0	0	0	0
mmu-miR-6908-5p	0	0	0	0	0	0	0	0	0	0	0	0
mmu-miR-6908-3p	0	0	0	0	0	0	0	0	2.55	0	0	0
mmu-miR-6909-5p	0	0	0	0	0	0	0	0	0	0	0	0
mmu-miR-6909-3p	0	0	0	0	0	0	0	0	0	0	0	0
mmu-miR-6910-5p	0	0	0	0	0	0	0	0	0	0	0	0
mmu-miR-6910-3p	0	0	0	0	0	0	0	0	0	0	0	0
mmu-miR-6911-5p	0	0	0	0	6.63	0	0	0	0	0	0	0
mmu-miR-6911-3p	6.29	6.68	0	0	0	5.45	6.84	6.71	5.94	0	0	0
mmu-miR-6912-5p	0	0	0	0	0	0	0	0	0	0	0	0
mmu-miR-6912-3p	0	0	0	0	0	0	0	0	0	0	0	0
mmu-miR-6913-5p	0	0	0	0	0	2.8	0	0	0	0	0	0
mmu-miR-6913-3p	0	0	0	0	0	3.73	0	0	3.48	0	0	0
mmu-miR-6914-5p	0	0	0	0	0	0	0	0	0	0	0	0
mmu-miR-6914-3p	0	0	0	0	0	0	4.99	0	0	0	0	0
mmu-miR-6915-5p	0	0	0	0	0	0	0	0	0	0	0	0
mmu-miR-6915-3p	0	0	0	0	0	0	0	0	0	0	0	0
mmu-miR-6916-5p	0	0	0	0	0	0	0	0	0	0	0	0
mmu-miR-6916-3p	0	0	0	0	0	0	0	0	0	0	0	0
mmu-miR-6917-5p	0	0	0	0	0	0	0	0	0	0	0	0
mmu-miR-6917-3p	0	0	0	0	0	0	0	0	0	0	0	0
mmu-miR-6918-5p	0	0	0	0	0	0	0	0	0	0	0	0
mmu-miR-6918-3p	0	0	0	0	0	0	0	0	0	0	0	0
mmu-miR-6919-5p	0	0	0	0	0	0	0	0	0	0	0	0
mmu-miR-6919-3p	0	0	0	0	0	0	0	0	0	0	0	0
mmu-miR-6920-5p	0	0	0	0	0	0	0	0	0	0	0	0
mmu-miR-6920-3p	6.29	0	0	0	0	0	0	0	0	0	0	0
mmu-miR-6921-5p	0	0	0	0	0	0	0	0	0	0	0	0
mmu-miR-6921-3p	0	0	0	0	0	0	0	0	2.62	0	0	0
mmu-miR-6922-5p	0	0	0	0	0	2.73	0	0	0	0	0	0
mmu-miR-6922-3p	0	0	0	0	0	0	0	0	2.48	0	0	0
mmu-miR-6923-5p	0	0	0	0	0	0	0	0	0	0	0	0
mmu-miR-6923-3p	0	0	0	0	0	0	0	0	0	0	0	0
mmu-miR-6924-5p	0	0	0	0	0	0	0	0	0	0	0	0
mmu-miR-6924-3p	0	0	0	0	0	0	0	0	0	0	0	0
mmu-miR-6925-5p	0	0	0	0	0	0	0	5.05	2.55	0	0	0
mmu-miR-6925-3p	0	0	0	0	0	0	0	0	0	0	0	0
mmu-miR-6926-5p	0	0	0	0	0	0	0	0	0	0	0	0
mmu-miR-6926-3p	0	0	0	0	0	0	0	0	0	0	0	0
mmu-miR-6927-5p	0	0	0	0	0	0	0	0	0	0	0	0
mmu-miR-6927-3p	0	0	0	0	0	0	0	0	0	0	0	0
mmu-miR-6928-5p	0	0	0	0	0	0	0	0	0	0	0	0
mmu-miR-6928-3p	0	0	0	0	0	0	0	0	0	0	0	0
mmu-miR-6929-5p	0	0	0	0	0	0	0	0	0	0	0	0
mmu-miR-6929-3p	0	0	0	0	0	2.73	0	0	0	5.14	0	0
mmu-miR-6930-5p	0	0	0	0	0	0	0	0	0	0	0	0
mmu-miR-6930-3p	0	0	0	0	0	0	0	0	0	0	0	0
mmu-miR-6931-5p	0	0	0	0	0	0	0	0	0	0	0	0
mmu-miR-6931-3p	0	0	0	0	0	0	0	0	0	0	0	0
mmu-miR-6932-5p	0	0	0	0	0	0	0	0	0	0	0	0
mmu-miR-6932-3p	0	0	0	0	0	0	0	0	0	0	0	0
mmu-miR-6933-5p	0	0	0	0	0	0	0	0	0	0	0	0
mmu-miR-6933-3p	0	0	0	0	0	0	0	0	0	0	0	0
mmu-miR-6934-5p	0	0	0	0	0	0	0	0	0	0	0	0
mmu-miR-6934-3p	0	0	0	0	0	0	4.77	0	2.55	0	0	0
mmu-miR-6935-5p	0	0	0	0	0	0	0	0	0	0	0	0
mmu-miR-6935-3p	0	0	0	0	0	3.94	0	0	2.69	0	0	0
mmu-miR-6936-5p	0	0	0	0	0	0	0	0	0	0	0	0
mmu-miR-6936-3p	0	0	0	0	0	0	0	0	0	0	0	0
mmu-miR-6937-5p	0	0	7.12	0	0	0	4.63	0	0	0	0	0
mmu-miR-6937-3p	0	0	0	0	0	0	0	4.99	0	0	0	0
mmu-miR-6938-5p	0	0	0	0	0	2.73	0	0	0	0	0	0
mmu-miR-6938-3p	0	0	0	0	6.7	2.8	0	0	2.55	0	0	0
mmu-miR-6939-5p	0	0	0	0	0	0	0	0	0	0	0	0
mmu-miR-6939-3p	0	0	0	0	0	0	0	0	0	0	0	0
mmu-miR-6940-5p	0	0	0	0	0	0	0	0	0	0	0	0
mmu-miR-6940-3p	0	0	0	0	0	0	0	0	0	0	0	0
mmu-miR-6941-5p	0	0	0	0	0	0	0	0	0	0	0	0
mmu-miR-6941-3p	0	0	0	0	0	0	0	5.12	2.62	0	0	0
mmu-miR-6942-5p	0	0	0	0	0	0	0	0	0	0	0	0
mmu-miR-6942-3p	0	6.61	0	0	0	0	0	0	0	0	0	0
mmu-miR-6943-5p	0	0	0	0	0	0	0	0	0	0	0	0
mmu-miR-6943-3p	0	0	0	0	0	2.8	0	0	2.55	0	0	0
mmu-miR-6944-5p	0	0	0	0	0	0	0	0	0	0	0	0
mmu-miR-6944-3p	0	6.54	0	7.68	8.22	6.19	7.7	5.99	6.88	6.72	0	6.03
mmu-miR-6945-5p	0	0	0	0	0	0	0	0	0	0	0	0
mmu-miR-6945-3p	6.29	6.68	0	0	6.77	5.19	6.84	6.12	6.32	6.28	0	5.17
mmu-miR-6946-5p	0	0	0	0	0	0	0	0	0	0	0	0
mmu-miR-6946-3p	0	0	0	0	0	2.94	0	0	2.69	0	0	0
mmu-miR-6947-5p	0	0	0	0	0	0	0	0	0	0	0	0
mmu-miR-6947-3p	0	0	0	0	0	0	0	0	2.55	0	0	0
mmu-miR-6948-5p	0	6.61	0	0	0	0	0	0	0	0	0	0
mmu-miR-6948-3p	6.29	0	0	0	0	5.19	4.84	5.12	4.62	6.28	0	6.17
mmu-miR-6949-5p	0	0	0	0	0	0	0	0	0	0	0	0
mmu-miR-6949-3p	0	0	0	0	0	0	0	0	0	0	0	0
mmu-miR-6950-5p	0	0	0	0	0	0	0	0	0	0	0	0
mmu-miR-6950-3p	0	0	0	0	0	0	0	0	0	0	0	0
mmu-miR-6951-5p	0	0	0	0	0	0	0	0	2.62	0	0	0
mmu-miR-6951-3p	0	0	0	0	0	2.87	0	0	0	0	0	0
mmu-miR-6952-5p	0	0	0	0	0	0	0	0	0	0	0	0
mmu-miR-6952-3p	0	0	0	0	0	2.8	0	0	2.55	6.21	0	0
mmu-miR-6953-5p	0	0	0	0	0	0	0	0	0	0	0	0
mmu-miR-6953-3p	0	0	0	0	0	2.67	0	0	2.42	0	0	0
mmu-miR-6954-5p	0	0	0	0	0	0	0	0	0	0	0	0
mmu-miR-6954-3p	0	0	0	0	0	0	0	0	0	0	0	0
mmu-miR-6955-5p	0	0	7.12	0	0	0	0	0	0	0	0	0
mmu-miR-6955-3p	0	0	0	0	0	0	0	0	0	0	0	0
mmu-miR-6956-5p	0	0	0	0	0	0	0	0	0	0	0	0
mmu-miR-6956-3p	0	0	0	0	6.84	4.53	0	0	5.02	6.35	0	0
mmu-miR-6957-5p	0	0	0	0	0	0	0	0	0	0	0	0
mmu-miR-6957-3p	0	0	0	0	0	0	0	0	0	0	0	0
mmu-miR-6958-5p	0	0	0	0	0	0	0	0	0	0	0	0
mmu-miR-6958-3p	0	0	0	0	0	0	5.7	0	2.48	0	0	0
mmu-miR-6959-5p	0	0	0	0	0	0	0	0	0	0	0	0
mmu-miR-6959-3p	0	0	0	0	0	0	0	0	0	0	0	0
mmu-miR-6960-5p	0	0	0	0	0	0	0	0	0	0	0	0
mmu-miR-6960-3p	0	0	0	0	0	0	0	0	0	0	0	0
mmu-miR-6961-5p	0	0	0	0	0	0	0	0	0	0	0	0
mmu-miR-6961-3p	0	0	0	0	0	0	0	0	0	0	0	0
mmu-miR-6962-5p	0	0	0	0	0	2.94	0	0	0	0	0	0
mmu-miR-6962-3p	6.22	0	0	0	0	0	0	0	2.55	5.21	0	0
mmu-miR-6963-5p	0	0	0	0	0	0	0	0	2.42	0	0	0
mmu-miR-6963-3p	0	0	0	0	0	0	0	0	0	0	0	0
mmu-miR-6964-5p	0	0	0	0	0	2.87	0	0	3.62	5.28	0	0
mmu-miR-6964-3p	0	6.75	0	0	7.84	4.53	0	0	3.69	6.35	0	5.24
mmu-miR-6965-5p	0	0	0	0	0	0	0	0	0	0	0	0
mmu-miR-6965-3p	0	0	0	0	0	0	0	0	0	0	0	0
mmu-miR-3547-5p	0	0	0	0	0	0	0	0	0	0	0	0
mmu-miR-3547-3p	0	0	0	0	0	0	0	0	0	0	0	0
mmu-miR-6966-5p	0	0	0	0	0	0	0	0	0	0	0	0
mmu-miR-6966-3p	0	6.68	0	0	0	0	0	5.12	0	0	0	0
mmu-miR-6967-5p	0	0	0	0	0	0	0	0	0	0	0	0
mmu-miR-6967-5p	0	0	0	0	0	0	0	0	0	0	0	0
mmu-miR-6967-3p	0	0	0	0	0	0	0	0	0	0	0	0
mmu-miR-6967-3p	0	0	0	0	0	0	0	0	0	0	0	0
mmu-miR-6968-5p	0	0	0	0	0	0	0	0	0	0	0	0
mmu-miR-6968-3p	0	0	0	0	0	0	0	0	0	0	0	0
mmu-miR-6969-5p	0	0	0	0	0	0	0	0	0	0	0	0
mmu-miR-6969-3p	0	0	0	0	0	0	0	0	0	0	0	0
mmu-miR-6970-5p	0	0	0	0	0	0	0	0	0	0	0	0
mmu-miR-6970-3p	0	0	0	0	0	0	0	0	0	0	0	0
mmu-miR-6971-5p	0	0	0	0	0	0	0	0	0	0	0	0
mmu-miR-6971-3p	0	0	0	0	0	0	0	0	4.62	0	0	0
mmu-miR-6972-5p	0	0	0	0	0	0	0	0	0	0	0	0
mmu-miR-6972-3p	0	0	0	0	0	0	0	0	0	0	0	0
mmu-miR-6973a-5p	0	0	0	0	0	0	0	0	0	0	0	0
mmu-miR-6973a-3p	0	0	0	0	0	0	0	0	0	0	0	0
mmu-miR-6974-5p	0	0	0	0	0	0	0	0	0	0	0	0
mmu-miR-6974-3p	0	0	0	0	0	0	0	0	0	0	0	0
mmu-miR-6975-5p	0	0	0	0	0	0	0	0	0	0	0	0
mmu-miR-6975-3p	0	0	0	0	0	0	0	0	0	0	0	0
mmu-miR-6976-5p	0	0	0	0	0	0	0	0	0	0	0	0
mmu-miR-6976-3p	0	0	0	0	0	0	0	0	0	0	0	0
mmu-miR-6977-5p	0	0	0	0	0	0	0	0	0	0	0	0
mmu-miR-6977-3p	0	0	0	0	0	0	0	0	0	0	0	5.1
mmu-miR-6978-5p	0	0	0	0	0	0	0	0	0	0	0	0
mmu-miR-6978-3p	0	0	0	0	0	0	0	0	0	0	0	0
mmu-miR-6979-5p	0	0	0	0	0	0	0	0	0	0	0	0
mmu-miR-6979-3p	0	0	0	0	6.77	0	0	0	0	0	0	0
mmu-miR-6980-5p	0	0	0	0	0	0	0	0	0	0	0	0
mmu-miR-6980-3p	0	0	0	0	6.84	0	0	0	0	0	0	0
mmu-miR-6981-5p	0	0	0	0	0	0	0	0	0	0	0	0
mmu-miR-6981-3p	0	0	0	0	0	0	0	0	0	0	0	0
mmu-miR-6982-5p	0	0	0	0	0	0	0	0	0	0	0	0
mmu-miR-6982-3p	0	0	0	0	0	0	0	0	0	0	0	0
mmu-miR-6983-5p	0	0	0	0	0	0	0	0	0	0	0	0
mmu-miR-6983-3p	0	0	0	0	0	0	0	0	0	0	0	0
mmu-miR-6984-5p	0	0	0	0	0	0	0	0	0	0	0	0
mmu-miR-6984-3p	0	0	0	0	0	0	0	0	0	0	0	0
mmu-miR-6985-5p	0	0	0	0	0	0	0	0	0	0	0	0
mmu-miR-6985-3p	0	0	0	0	0	0	0	0	3.62	0	0	0
mmu-miR-6986-5p	0	0	0	0	0	0	0	0	0	0	0	0
mmu-miR-6986-3p	0	0	0	0	0	0	0	0	0	0	0	0
mmu-miR-6987-5p	0	0	0	0	0	0	0	0	0	0	0	0
mmu-miR-6987-3p	0	0	0	0	0	0	0	0	0	0	0	0
mmu-miR-6988-5p	0	0	0	0	0	0	0	0	0	0	0	0
mmu-miR-6988-3p	0	0	0	0	7.7	5.61	5.77	5.05	4.13	5.21	0	0
mmu-miR-6989-5p	0	0	0	0	0	0	0	0	0	0	0	0
mmu-miR-6989-3p	0	0	7.25	0	0	4.8	0	0	2.55	5.21	0	5.1
mmu-miR-6990-5p	6.29	0	0	0	0	0	4.84	0	2.62	0	0	0
mmu-miR-6990-3p	0	0	0	0	0	0	0	0	0	0	0	0
mmu-miR-6991-5p	0	0	0	0	0	0	0	0	0	0	0	0
mmu-miR-6991-3p	0	0	0	0	0	0	4.77	0	0	0	0	0
mmu-miR-6992-5p	0	0	0	0	0	0	0	0	0	0	0	0
mmu-miR-6992-3p	0	0	0	0	0	0	0	0	0	0	0	0
mmu-miR-6993-5p	0	0	0	0	0	0	0	0	0	0	0	0
mmu-miR-6993-3p	0	0	0	0	0	0	0	0	0	0	0	0
mmu-miR-6994-5p	0	0	0	0	0	0	0	0	0	0	0	0
mmu-miR-6994-3p	0	0	0	0	0	0	0	0	0	0	0	0
mmu-miR-6995-5p	0	0	0	0	0	0	0	0	0	0	0	0
mmu-miR-6995-3p	0	0	0	0	0	0	4.84	0	0	0	0	0
mmu-miR-6996-5p	0	0	0	0	0	0	0	0	2.62	0	0	0
mmu-miR-6996-3p	0	0	0	0	0	0	0	0	0	0	0	0
mmu-miR-6997-5p	0	0	0	0	0	0	0	0	0	0	0	0
mmu-miR-6997-3p	0	0	0	0	0	0	0	0	0	0	0	0
mmu-miR-6998-5p	0	0	0	0	0	0	0	0	0	0	0	0
mmu-miR-6998-3p	0	0	0	0	0	0	0	0	0	0	0	0
mmu-miR-6999-5p	0	0	0	0	0	2.73	0	0	0	0	0	0
mmu-miR-6999-3p	0	0	0	0	0	0	0	0	2.55	0	0	0
mmu-miR-7000-5p	0	0	0	0	0	0	0	0	3.55	0	0	0
mmu-miR-7000-3p	0	0	0	0	0	0	0	0	0	0	0	0
mmu-miR-7001-5p	0	0	0	0	0	0	0	0	0	0	0	0
mmu-miR-7001-3p	0	0	0	0	0	0	0	0	0	0	0	0
mmu-miR-7002-5p	0	0	0	0	0	0	0	0	0	0	0	0
mmu-miR-7002-3p	0	0	0	0	0	0	0	0	0	0	0	0
mmu-miR-6973b-5p	0	0	0	0	0	0	0	0	0	0	0	0
mmu-miR-6973b-3p	0	0	0	0	0	0	0	0	0	0	0	0
mmu-miR-7003-5p	0	0	0	0	0	0	0	0	0	0	0	0
mmu-miR-7003-3p	0	0	0	0	0	0	0	0	0	0	0	0
mmu-miR-7004-5p	0	0	0	0	0	0	0	0	0	0	0	0
mmu-miR-7004-3p	0	0	0	0	0	0	0	0	0	0	0	0
mmu-miR-7005-5p	0	0	0	0	0	0	0	0	0	0	0	0
mmu-miR-7005-3p	0	0	0	0	0	0	0	0	0	0	0	0
mmu-miR-7006-5p	0	0	0	0	0	0	0	0	0	0	0	0
mmu-miR-7006-3p	6.37	0	0	0	0	0	0	0	2.69	0	0	0
mmu-miR-7007-5p	0	0	0	0	0	0	0	0	0	0	0	0
mmu-miR-7007-3p	7.53	0	0	0	7	5.69	6.07	7.36	2.85	0	0	0
mmu-miR-7008-5p	0	0	0	0	0	0	0	0	0	0	0	0
mmu-miR-7008-3p	0	0	0	0	0	0	0	0	0	0	0	0
mmu-miR-7009-5p	0	0	0	0	0	0	0	0	0	0	0	0
mmu-miR-7009-3p	0	0	0	0	0	0	0	0	0	0	0	0
mmu-miR-7010-5p	0	0	0	0	0	0	0	0	0	0	0	0
mmu-miR-7010-3p	0	0	0	0	0	0	0	0	0	0	0	0
mmu-miR-7011-5p	0	0	0	0	0	0	0	0	0	0	0	0
mmu-miR-7011-3p	0	0	0	0	0	0	0	0	0	0	0	0
mmu-miR-7012-5p	0	0	0	0	0	2.73	0	0	0	0	0	0
mmu-miR-7012-3p	0	0	0	0	0	2.8	0	0	3.55	0	0	0
mmu-miR-7013-5p	0	0	0	0	0	0	0	0	2.55	0	0	0
mmu-miR-7013-3p	0	0	0	0	0	0	0	0	0	0	0	0
mmu-miR-7014-5p	0	0	0	0	0	0	0	0	0	0	0	0
mmu-miR-7014-3p	0	0	0	0	0	0	0	0	0	0	0	0
mmu-miR-7015-5p	0	0	0	0	0	0	0	0	0	0	0	0
mmu-miR-7015-3p	0	0	0	0	0	4.45	4.84	0	4.94	0	0	0
mmu-miR-7016-5p	0	0	0	0	0	0	0	0	0	0	0	0
mmu-miR-7016-3p	0	0	0	0	0	0	0	0	0	0	0	0
mmu-miR-7017-5p	0	0	0	0	0	0	0	0	2.42	0	0	0
mmu-miR-7017-3p	0	0	0	0	0	0	0	0	0	0	0	0
mmu-miR-7018-5p	0	0	0	0	0	0	0	0	0	0	0	0
mmu-miR-7018-3p	0	0	0	0	0	2.8	0	0	3.55	5.21	0	0
mmu-miR-7019-5p	0	0	0	0	0	0	0	0	0	0	0	0
mmu-miR-7019-3p	7.15	6.54	0	7.68	0	5.54	4.7	6.57	5.65	5.14	0	5.03
mmu-miR-7020-5p	0	0	0	0	0	0	0	0	0	0	0	0
mmu-miR-7020-3p	0	0	0	0	0	0	0	0	2.62	0	0	0
mmu-miR-7021-5p	0	0	0	0	0	2.8	0	0	2.55	0	0	0
mmu-miR-7021-3p	0	0	0	0	0	0	0	0	0	0	0	0
mmu-miR-7022-5p	0	0	0	0	0	0	0	0	0	0	0	0
mmu-miR-7022-3p	0	0	0	0	0	0	0	0	3.55	0	0	0
mmu-miR-7023-5p	0	0	0	0	0	0	0	0	0	0	0	0
mmu-miR-7023-3p	0	0	0	0	0	0	0	0	0	0	0	0
mmu-miR-7024-5p	0	0	0	0	0	0	0	0	0	0	0	0
mmu-miR-7024-3p	0	0	0	0	0	0	0	0	0	0	0	0
mmu-miR-7025-5p	0	0	0	0	0	0	0	0	0	0	0	0
mmu-miR-7025-3p	0	0	0	0	0	0	0	0	0	0	0	0
mmu-miR-7026-5p	0	0	0	0	0	0	0	0	2.62	0	0	0
mmu-miR-7026-3p	0	0	0	0	0	0	0	0	0	0	0	0
mmu-miR-7027-5p	0	0	0	0	0	0	0	0	0	0	0	0
mmu-miR-7027-3p	0	0	0	0	0	0	0	0	0	0	0	0
mmu-miR-7028-5p	0	0	0	0	0	0	0	0	0	0	0	0
mmu-miR-7028-3p	0	0	0	0	0	0	0	0	0	0	0	0
mmu-miR-7029-5p	0	0	0	0	0	0	0	0	0	0	0	0
mmu-miR-7029-3p	0	0	0	0	0	0	0	0	0	0	0	0
mmu-miR-7030-5p	0	0	0	0	0	0	0	0	0	0	0	0
mmu-miR-7030-3p	0	0	0	0	0	0	0	0	0	0	0	0
mmu-miR-7031-5p	0	0	0	0	0	0	0	0	0	0	0	0
mmu-miR-7031-3p	0	0	0	0	0	0	0	0	0	0	0	0
mmu-miR-7032-5p	0	0	0	0	0	0	0	0	0	0	0	0
mmu-miR-7032-3p	0	0	0	0	0	0	4.77	0	3.55	0	0	0
mmu-miR-7033-5p	0	0	0	0	0	0	0	0	0	0	0	0
mmu-miR-7033-3p	0	0	0	0	0	0	0	0	0	0	0	0
mmu-miR-7034-5p	0	0	0	0	0	2.87	0	0	0	0	0	0
mmu-miR-7034-3p	0	0	0	0	0	0	0	0	2.42	0	0	0
mmu-miR-7035-5p	0	0	0	0	0	0	0	0	0	0	0	0
mmu-miR-7035-3p	7.29	7.68	7.32	0	6.77	6.04	7.42	5.12	6.21	7.28	0	5.17
mmu-miR-7036-5p	0	0	0	0	0	0	0	0	0	0	0	0
mmu-miR-7036-3p	0	0	0	0	0	0	0	0	0	0	0	0
mmu-miR-7037-5p	0	0	0	0	0	0	0	0	0	0	0	0
mmu-miR-7037-3p	0	0	0	0	0	0	0	0	0	0	0	0
mmu-miR-7038-5p	0	0	0	0	0	2.8	0	0	0	0	0	0
mmu-miR-7038-3p	0	0	0	0	0	0	0	0	0	0	0	0
mmu-miR-7039-5p	0	0	0	0	0	0	0	0	0	0	0	0
mmu-miR-7039-3p	0	0	0	0	0	0	0	0	0	0	0	0
mmu-miR-7040-5p	0	0	0	0	0	0	0	0	0	0	0	0
mmu-miR-7040-3p	0	0	0	0	0	0	0	0	0	0	0	0
mmu-miR-7041-5p	0	0	0	0	0	0	0	0	0	0	0	0
mmu-miR-7041-3p	0	0	0	0	0	0	0	0	0	0	0	0
mmu-miR-7042-5p	0	0	0	0	0	2.87	0	0	0	0	0	0
mmu-miR-7042-3p	0	0	0	0	0	0	0	0	0	0	0	0
mmu-miR-7043-5p	0	0	0	0	0	0	0	0	0	0	0	0
mmu-miR-7043-3p	0	0	0	0	6.77	4.45	4.84	0	5.21	5.28	0	5.17
mmu-miR-7044-5p	0	0	0	0	0	0	0	0	0	0	0	0
mmu-miR-7044-3p	0	0	0	0	0	0	0	0	0	0	0	0
mmu-miR-7045-5p	0	0	0	0	0	2.87	0	0	0	0	0	0
mmu-miR-7045-3p	0	0	0	0	0	2.87	0	0	3.62	0	0	0
mmu-miR-7046-5p	0	0	0	0	0	0	0	0	0	0	0	0
mmu-miR-7046-3p	0	0	0	0	0	0	6.35	0	2.55	0	0	0
mmu-miR-7047-5p	0	0	0	0	0	0	0	0	0	0	0	0
mmu-miR-7047-3p	0	0	0	0	0	0	0	0	0	0	0	0
mmu-miR-7048-5p	0	0	0	0	0	0	0	0	0	0	0	0
mmu-miR-7048-3p	0	0	0	0	0	0	0	0	0	0	0	0
mmu-miR-7049-5p	0	0	0	0	0	0	0	0	0	0	0	0
mmu-miR-7049-3p	0	0	0	0	0	0	0	0	0	0	0	0
mmu-miR-7050-5p	0	0	0	0	0	0	0	0	0	0	0	0
mmu-miR-7050-3p	0	0	0	0	0	0	0	0	0	0	0	0
mmu-miR-7051-5p	0	0	0	0	0	0	0	0	2.55	0	0	0
mmu-miR-7051-3p	0	0	0	0	0	0	0	0	0	0	0	5.1
mmu-miR-7052-5p	0	0	0	0	0	0	0	0	0	0	0	0
mmu-miR-7052-3p	0	0	0	0	0	3.87	0	5.12	3.62	6.28	0	0
mmu-miR-7053-5p	0	0	0	0	0	0	0	0	0	0	0	0
mmu-miR-7053-3p	0	0	0	0	0	0	0	0	0	0	0	0
mmu-miR-7054-5p	0	0	0	0	0	0	0	0	0	0	0	4.91
mmu-miR-7054-3p	0	0	0	0	0	2.94	0	5.2	0	0	0	0
mmu-miR-7055-5p	0	0	0	0	0	0	0	0	0	0	0	0
mmu-miR-7055-3p	0	0	0	0	0	0	0	0	0	0	0	0
mmu-miR-7056-5p	0	0	0	0	0	0	0	0	0	0	0	0
mmu-miR-7056-3p	0	0	0	0	0	0	0	0	0	0	0	0
mmu-miR-7057-5p	0	0	0	0	0	0	0	0	0	0	0	0
mmu-miR-7057-3p	0	0	0	0	0	0	0	0	0	0	0	0
mmu-miR-7058-5p	0	0	0	0	0	0	0	0	0	0	0	0
mmu-miR-7058-3p	0	0	0	0	0	0	0	0	0	0	0	0
mmu-miR-7059-5p	0	0	0	0	0	0	0	5.05	3.55	0	0	0
mmu-miR-7059-3p	0	0	0	0	0	0	0	0	0	0	0	0
mmu-miR-7060-5p	0	0	0	0	0	0	0	0	0	0	0	0
mmu-miR-7060-3p	0	0	0	0	0	0	0	0	0	0	0	0
mmu-miR-7061-5p	0	0	0	0	0	0	0	0	0	0	0	0
mmu-miR-7061-3p	0	0	0	0	0	0	0	0	0	0	0	0
mmu-miR-7062-5p	0	0	0	0	0	0	0	0	0	0	0	0
mmu-miR-7062-3p	0	0	0	0	0	0	0	0	0	0	0	0
mmu-miR-7063-5p	0	0	0	0	0	0	0	0	0	0	0	0
mmu-miR-7063-3p	0	0	0	0	0	0	0	0	0	0	0	0
mmu-miR-7064-5p	0	0	0	0	0	0	0	0	0	0	0	0
mmu-miR-7064-3p	0	0	0	0	0	0	0	0	0	0	0	0
mmu-miR-7065-5p	0	0	0	0	0	0	0	0	0	0	0	0
mmu-miR-7065-3p	0	0	0	0	0	0	0	0	0	0	0	0
mmu-miR-7066-5p	0	0	0	0	0	0	0	0	0	0	0	0
mmu-miR-7066-3p	0	0	0	0	0	0	0	0	0	0	0	0
mmu-miR-7067-5p	0	0	0	0	0	0	0	0	0	0	0	0
mmu-miR-7067-3p	0	0	0	0	0	0	0	0	0	0	0	0
mmu-miR-6769b-5p	0	0	0	0	0	0	0	0	0	0	0	0
mmu-miR-6769b-3p	0	0	0	0	0	0	0	0	0	0	0	0
mmu-miR-7068-5p	0	0	0	0	0	0	6.42	0	5.21	0	0	6.17
mmu-miR-7068-3p	12.07	12.51	11.41	12.14	12.65	12.03	12.5	12.12	11.97	12.35	11.22	11.98
mmu-miR-7069-5p	0	0	0	0	0	0	0	0	0	0	0	0
mmu-miR-7069-3p	0	0	0	0	0	0	0	0	0	0	0	0
mmu-miR-7070-5p	0	0	0	0	0	0	0	0	0	0	0	0
mmu-miR-7070-3p	0	0	0	0	0	0	0	0	0	0	0	0
mmu-miR-7071-5p	0	0	0	0	0	0	0	0	0	0	0	0
mmu-miR-7071-3p	0	0	0	0	0	0	0	0	0	0	0	0
mmu-miR-7072-5p	0	0	0	0	0	0	0	0	0	0	0	0
mmu-miR-7072-3p	0	0	0	0	0	0	0	0	0	0	0	0
mmu-miR-7073-5p	0	0	0	0	0	0	0	0	0	0	0	0
mmu-miR-7073-3p	0	0	0	0	0	0	0	0	0	0	0	0
mmu-miR-7074-5p	0	0	0	0	0	0	0	0	0	0	0	0
mmu-miR-7074-3p	0	0	0	0	0	0	0	0	0	0	0	0
mmu-miR-7075-5p	0	0	0	0	0	0	0	0	0	0	0	0
mmu-miR-7075-3p	0	0	0	0	0	0	4.84	5.12	4.62	0	0	5.17
mmu-miR-7076-5p	0	0	0	0	0	0	0	0	0	0	0	0
mmu-miR-7076-3p	0	0	0	0	0	0	0	0	0	0	0	0
mmu-miR-7077-5p	0	0	0	0	0	0	0	0	0	0	0	0
mmu-miR-7077-3p	0	0	0	0	0	0	0	0	0	0	0	0
mmu-miR-7078-5p	0	0	0	0	0	0	0	0	0	0	0	0
mmu-miR-7078-3p	0	0	0	0	0	0	0	0	0	0	0	0
mmu-miR-7079-5p	0	0	0	0	0	2.8	0	0	0	0	0	0
mmu-miR-7079-3p	0	0	0	0	0	2.87	0	0	0	0	0	0
mmu-miR-7080-5p	0	0	0	0	0	0	0	0	0	0	0	0
mmu-miR-7080-3p	0	0	0	0	0	0	0	0	0	0	0	0
mmu-miR-7081-5p	0	0	0	0	0	0	0	0	0	0	0	0
mmu-miR-7081-3p	0	0	0	0	0	0	0	0	2.55	0	0	0
mmu-miR-7082-5p	0	0	0	0	0	0	0	0	0	0	0	0
mmu-miR-7082-3p	0	0	0	0	0	0	0	0	0	0	0	0
mmu-miR-7083-5p	0	0	0	0	0	2.87	4.84	5.12	4.21	0	0	6.17
mmu-miR-7083-3p	0	0	0	0	0	0	0	0	0	0	0	0
mmu-miR-7084-5p	0	0	0	0	0	0	0	0	0	0	0	0
mmu-miR-7084-3p	0	0	0	0	0	2.8	0	0	0	0	0	0
mmu-miR-7085-5p	0	0	0	0	0	2.8	0	0	0	0	0	0
mmu-miR-7085-3p	6.22	0	0	0	6.7	4.8	4.77	0	4.55	0	0	6.68
mmu-miR-7086-5p	0	0	0	0	0	0	0	0	0	0	0	0
mmu-miR-7086-3p	0	0	0	0	0	0	0	0	0	0	0	0
mmu-miR-7087-5p	0	0	0	0	0	0	0	0	0	0	0	0
mmu-miR-7087-3p	0	0	0	0	0	0	0	0	0	0	0	0
mmu-miR-7088-5p	0	0	0	0	0	0	0	0	0	0	0	0
mmu-miR-7088-3p	0	0	0	0	0	0	0	0	0	0	0	0
mmu-miR-7089-5p	0	0	0	0	0	0	0	0	0	0	0	0
mmu-miR-7089-3p	0	0	0	0	0	0	0	0	0	0	0	0
mmu-miR-7090-5p	0	0	0	0	0	0	0	0	0	0	0	0
mmu-miR-7090-3p	0	0	0	0	0	0	0	0	0	0	0	0
mmu-miR-7091-5p	0	0	0	0	0	0	0	0	2.48	0	0	0
mmu-miR-7091-3p	6.29	0	0	0	0	0	4.84	0	2.62	0	0	0
mmu-miR-7092-5p	0	0	0	0	0	0	0	0	0	0	0	0
mmu-miR-7092-3p	0	0	0	0	0	0	0	0	2.42	0	0	0
mmu-miR-7093-5p	0	0	0	0	0	0	0	0	3.55	0	0	0
mmu-miR-7093-3p	0	0	0	0	0	3.87	0	0	0	0	0	0
mmu-miR-7094-1-5p	0	0	0	0	0	0	0	0	0	0	0	0
mmu-miR-7094-3p	0	0	0	0	0	0	0	0	0	0	0	0
mmu-miR-7094-3p	0	0	0	0	0	0	0	0	0	0	0	0
mmu-miR-7094b-2-5p	0	0	0	0	0	0	0	0	0	0	0	0
mmu-miR-7115-5p	0	0	0	0	0	0	0	0	0	0	0	0
mmu-miR-7115-3p	0	0	0	0	0	0	0	0	0	0	0	0
mmu-miR-7116-5p	0	0	0	0	0	0	0	0	0	0	0	0
mmu-miR-7116-3p	0	0	0	0	0	0	0	0	0	5.21	0	0
mmu-miR-7117-5p	0	0	0	0	0	0	0	0	0	0	0	0
mmu-miR-7117-3p	0	0	0	0	0	0	0	0	0	5.35	0	0
mmu-miR-7118-5p	0	0	0	0	0	0	0	0	0	0	0	0
mmu-miR-7118-3p	0	0	0	0	0	0	0	0	0	0	0	0
mmu-miR-7119-5p	0	0	0	0	0	0	0	0	0	0	0	0
mmu-miR-7119-3p	0	0	0	0	0	0	0	0	0	0	0	0
mmu-miR-7210-5p	0	0	0	0	0	0	0	0	0	0	0	0
mmu-miR-7210-3p	0	0	0	0	0	0	0	0	0	0	0	0
mmu-miR-7211-5p	0	0	0	0	0	0	0	0	0	0	0	0
mmu-miR-7211-3p	0	0	0	0	0	0	0	0	0	0	0	0
mmu-miR-7212-5p	0	0	0	0	0	2.87	0	0	0	0	0	0
mmu-miR-7212-3p	0	0	0	0	0	0	0	0	0	0	0	0
mmu-miR-7213-5p	0	0	0	0	0	0	0	6.2	2.69	5.35	0	0
mmu-miR-7213-3p	0	0	0	0	6.84	2.94	0	5.2	0	0	0	0
mmu-miR-7214-5p	0	0	0	0	0	0	0	0	0	0	0	0
mmu-miR-7214-3p	0	0	0	0	0	0	0	0	0	0	0	0
mmu-miR-7215-5p	0	0	0	0	0	0	0	0	0	0	0	0
mmu-miR-7215-3p	0	0	0	0	0	0	0	0	0	0	0	0
mmu-miR-7216-5p	0	0	0	0	0	0	0	0	0	0	0	0
mmu-miR-7216-3p	0	0	0	0	0	0	0	0	0	0	0	0
mmu-miR-7217-5p	0	0	0	0	0	0	0	0	0	0	0	0
mmu-miR-7217-3p	0	0	0	0	0	0	0	0	0	0	0	0
mmu-miR-7218-5p	0	0	0	0	0	0	0	0	0	0	0	0
mmu-miR-7218-3p	0	0	0	0	0	0	0	0	0	0	0	0
mmu-miR-7219-5p	0	0	0	0	0	0	0	0	0	0	0	0
mmu-miR-7219-3p	0	0	0	0	0	0	4.84	0	0	0	0	0
mmu-miR-7220-5p	0	0	0	0	0	0	0	0	0	0	0	0
mmu-miR-7220-3p	0	0	0	0	0	0	0	0	0	0	0	0
mmu-miR-7221-5p	0	0	0	0	0	0	0	0	0	0	0	0
mmu-miR-7221-3p	0	0	0	0	0	0	0	0	0	0	0	0
mmu-miR-7222-5p	0	0	0	0	0	0	0	0	0	0	0	0
mmu-miR-7222-3p	0	0	0	0	0	0	0	0	0	0	0	0
mmu-miR-7223-5p	0	0	0	0	0	0	0	0	0	0	0	0
mmu-miR-7223-3p	0	0	0	0	0	0	0	0	0	0	0	0
mmu-miR-7224-5p	0	0	0	0	0	0	0	0	0	0	0	0
mmu-miR-7224-3p	0	6.68	0	0	6.77	5.68	7.84	6.12	6.32	6.28	0	0
mmu-miR-7225-5p	0	0	0	7.89	6.84	6.75	4.91	7.78	5.5	5.35	0	7.83
mmu-miR-7225-3p	0	0	0	0	0	5.61	0	6.64	3.55	5.21	0	6.1
mmu-miR-7226-5p	0	0	0	0	0	0	0	0	0	0	0	0
mmu-miR-7226-3p	0	0	0	0	0	0	0	0	0	0	0	0
mmu-miR-7227-5p	0	0	0	0	0	0	0	0	0	0	0	0
mmu-miR-7227-3p	0	0	0	0	0	0	0	0	0	0	0	0
mmu-miR-7228-5p	0	0	0	0	0	0	4.99	0	0	0	0	0
mmu-miR-7228-3p	0	0	0	0	0	0	0	0	0	0	0	0
mmu-miR-7229-5p	0	0	0	0	0	0	0	0	0	0	0	0
mmu-miR-7229-3p	0	0	0	0	0	0	0	0	0	0	0	0
mmu-miR-7230-5p	0	0	0	0	0	0	0	0	0	0	0	0
mmu-miR-7230-3p	0	0	0	0	0	0	0	0	0	0	0	0
mmu-miR-7231-5p	0	0	0	0	0	0	0	0	0	0	0	0
mmu-miR-7231-3p	0	0	0	0	0	0	0	0	0	0	0	0
mmu-miR-7232-5p	0	0	0	0	0	0	0	0	0	0	0	0
mmu-miR-7232-3p	0	0	0	0	0	0	0	0	0	0	0	0
mmu-miR-7233-5p	0	0	0	0	0	0	0	0	0	0	0	0
mmu-miR-7233-3p	0	0	0	0	0	0	0	0	0	0	0	0
mmu-miR-7234-5p	0	0	0	0	0	0	0	0	0	0	0	0
mmu-miR-7234-3p	0	0	0	0	0	0	0	0	0	0	0	0
mmu-miR-7235-5p	0	0	0	0	0	0	0	0	0	0	0	0
mmu-miR-7235-3p	0	0	0	0	0	0	0	0	0	5.14	0	0
mmu-miR-7236-5p	0	0	0	0	0	2.67	0	0	2.42	0	0	0
mmu-miR-7236-3p	7.22	6.61	0	7.74	0	6.5	7.35	7.64	6.64	5.21	8.56	5.1
mmu-miR-7237-5p	0	0	0	0	0	0	0	0	0	0	0	0
mmu-miR-7237-3p	6.22	0	0	0	0	4.38	4.77	0	3.55	0	0	0
mmu-miR-7238-5p	0	0	0	0	7	0	0	0	0	0	0	0
mmu-miR-7238-3p	0	0	0	0	0	0	0	0	0	0	0	0
mmu-miR-7239-5p	0	0	0	0	0	0	0	0	0	0	0	0
mmu-miR-7239-3p	0	0	0	0	0	0	0	0	0	0	0	0
mmu-miR-7240-5p	0	6.68	0	7.81	0	2.87	0	0	2.62	0	0	0
mmu-miR-7240-3p	0	0	0	0	0	0	0	0	0	0	0	0
mmu-miR-7241-5p	0	0	0	0	0	0	0	0	0	0	0	0
mmu-miR-7241-3p	0	0	0	0	0	0	0	0	0	0	0	0
mmu-miR-7242-5p	0	0	0	0	0	0	0	0	0	0	0	0
mmu-miR-7242-3p	0	0	0	0	0	0	0	0	0	0	0	0
mmu-miR-7578	0	0	0	0	0	0	0	0	0	0	0	0
mmu-miR-6546-5p	0	0	0	0	0	0	0	0	0	0	0	0
mmu-miR-6546-3p	0	0	0	0	0	0	0	0	0	0	0	0
mmu-miR-7646-5p	0	0	0	0	0	0	0	0	0	0	0	0
mmu-miR-7646-3p	0	0	0	0	0	0	0	0	0	0	0	0
mmu-miR-7647-5p	6.22	0	0	0	0	0	0	0	0	0	0	0
mmu-miR-7647-3p	0	0	0	0	0	0	0	0	0	0	0	0
mmu-miR-7648-5p	0	0	0	0	0	2.94	0	0	0	0	0	0
mmu-miR-7648-3p	0	0	0	0	0	2.87	0	0	0	0	0	0
mmu-miR-7649-5p	0	0	0	0	0	0	0	0	0	0	0	0
mmu-miR-7649-3p	0	0	0	0	0	0	0	0	0	0	0	0
mmu-miR-7650-5p	6.22	0	0	0	0	0	0	0	0	0	0	0
mmu-miR-7650-3p	0	0	0	0	0	0	0	0	0	0	0	0
mmu-miR-7651-5p	0	0	0	0	0	0	0	0	0	0	0	0
mmu-miR-7651-3p	0	0	0	0	0	0	0	0	0	0	0	0
mmu-miR-219b-5p	6.22	0	0	0	0	0	0	0	0	0	0	5.1
mmu-miR-219b-3p	0	0	0	0	0	4.32	0	4.99	2.48	0	0	0
mmu-miR-7036b-5p	0	0	0	0	0	0	0	0	0	0	0	0
mmu-miR-7036b-3p	0	0	0	0	0	0	0	0	0	0	0	0
mmu-miR-7652-5p	0	0	0	0	0	0	0	0	0	0	0	0
mmu-miR-7652-3p	0	0	0	0	0	0	0	0	0	0	0	0
mmu-miR-7653-5p	0	0	0	0	0	0	0	0	0	0	0	0
mmu-miR-7653-3p	0	0	0	0	0	0	0	0	0	0	0	0
mmu-miR-7654-5p	0	0	0	0	0	0	0	0	0	0	0	0
mmu-miR-7654-3p	0	0	0	0	0	0	0	0	2.55	0	0	0
mmu-miR-7655-5p	0	0	0	0	0	0	0	0	0	0	0	0
mmu-miR-7655-3p	0	0	0	0	0	0	0	0	2.55	0	0	0
mmu-miR-7656-5p	0	0	0	0	0	0	0	0	2.55	0	0	0
mmu-miR-7656-3p	0	0	7.25	0	0	0	0	0	0	0	0	0
mmu-miR-7657-5p	0	0	0	0	0	0	0	0	0	0	0	0
mmu-miR-7657-3p	0	0	0	0	0	0	0	0	0	0	0	0
mmu-miR-7658-5p	0	0	0	0	0	0	0	0	0	0	0	0
mmu-miR-7658-3p	0	0	0	0	0	2.87	0	0	0	5.28	0	0
mmu-miR-7659-5p	0	0	0	0	0	0	0	0	0	0	0	0
mmu-miR-7659-3p	0	0	0	0	0	2.73	0	0	0	0	0	0
mmu-miR-7660-5p	6.22	0	0	0	0	0	0	0	0	0	0	0
mmu-miR-7660-3p	0	0	0	0	0	0	0	0	0	5.14	0	0
mmu-miR-7661-5p	0	0	0	0	0	0	0	0	0	0	0	0
mmu-miR-7661-3p	0	0	0	0	0	0	0	0	4.13	0	0	0
mmu-miR-7662-5p	0	0	0	0	0	0	0	0	0	0	0	0
mmu-miR-7662-3p	0	0	0	0	0	0	0	0	0	0	0	0
mmu-miR-7663-5p	0	0	0	0	0	0	0	0	0	0	0	0
mmu-miR-7663-3p	0	0	0	0	0	0	0	0	0	0	0	0
mmu-miR-7664-5p	0	0	0	0	0	0	0	0	0	0	0	0
mmu-miR-7664-3p	0	0	0	0	0	2.73	0	0	0	0	0	0
mmu-miR-7665-5p	0	0	0	0	0	0	0	0	0	0	0	0
mmu-miR-7665-3p	0	0	0	0	0	0	0	0	0	0	0	0
mmu-miR-7666-5p	0	0	0	0	0	0	0	0	0	0	0	0
mmu-miR-7666-3p	6.44	0	0	0	0	0	0	0	0	5.43	0	0
mmu-miR-7667-5p	0	0	0	0	0	0	0	0	0	0	0	0
mmu-miR-7667-3p	0	0	0	0	6.7	4.38	0	0	0	5.21	0	0
mmu-miR-7668-5p	0	6.48	0	0	6.57	4.25	0	0	0	6.08	0	4.97
mmu-miR-7668-3p	6.22	0	0	0	0	0	0	5.05	0	0	0	0
mmu-miR-7669-5p	0	0	0	0	0	3.73	0	0	0	0	0	0
mmu-miR-7669-3p	0	0	0	0	0	0	0	0	0	0	0	0
mmu-miR-7670-5p	0	0	0	0	0	0	0	0	0	0	0	0
mmu-miR-7670-3p	0	0	0	0	0	0	0	0	0	0	0	0
mmu-miR-7671-5p	0	0	0	0	0	0	0	0	0	0	0	0
mmu-miR-7671-3p	0	0	0	0	0	2.8	0	0	0	0	0	0
mmu-miR-7672-5p	0	0	0	0	0	2.8	0	0	0	0	0	0
mmu-miR-7672-3p	0	0	0	0	0	0	0	0	0	0	0	0
mmu-miR-7673-5p	0	0	0	0	0	0	0	0	0	0	0	0
mmu-miR-7673-3p	0	0	0	0	0	0	0	0	0	0	0	0
mmu-miR-3569-5p	0	0	0	0	0	0	0	0	0	0	0	0
mmu-miR-3569-3p	0	0	0	0	0	0	0	0	2.55	0	0	0
mmu-miR-7674-5p	0	0	0	0	0	0	0	0	0	0	0	0
mmu-miR-7674-3p	0	0	0	0	0	0	0	0	2.62	0	0	0
mmu-miR-7675-5p	0	0	0	0	0	0	0	0	0	0	0	0
mmu-miR-7675-3p	0	0	0	0	0	0	0	0	0	0	0	0
mmu-miR-7676-5p	0	0	0	0	0	0	0	0	0	0	0	0
mmu-miR-7676-5p	0	0	0	0	0	0	0	0	0	0	0	0
mmu-miR-7676-3p	0	0	0	0	0	0	0	0	0	0	0	0
mmu-miR-7676-3p	0	0	0	0	0	0	0	0	0	0	0	0
mmu-miR-129b-5p	0	0	0	0	0	0	0	5.05	0	0	0	0
mmu-miR-129b-3p	0	0	0	0	0	0	0	4.99	0	0	0	0
mmu-miR-292b-5p	0	0	0	0	0	0	0	0	0	0	0	0
mmu-miR-292b-3p	0	0	0	0	0	0	0	0	0	0	0	0
mmu-miR-1191b-5p	7.22	0	8.25	8.74	8.7	8.05	7.35	8.75	8.04	7.79	8.56	7.91
mmu-miR-1191b-3p	0	0	0	0	0	0	0	0	0	0	0	0
mmu-miR-7677-5p	0	0	0	0	0	0	0	0	0	0	0	0
mmu-miR-7677-3p	0	0	0	0	0	0	0	0	0	0	0	0
mmu-miR-7678-5p	0	0	0	0	0	0	0	0	0	0	0	0
mmu-miR-7678-3p	0	0	0	0	0	0	0	0	0	0	0	0
mmu-miR-7679-5p	0	0	0	0	0	0	0	0	0	0	0	0
mmu-miR-7679-3p	0	0	0	0	0	0	0	0	0	0	0	0
mmu-miR-7680-5p	0	0	0	0	0	0	0	0	0	0	0	0
mmu-miR-7680-3p	0	0	0	0	0	0	0	0	0	0	0	0
mmu-miR-6715-5p	0	0	0	0	0	0	0	0	0	0	0	0
mmu-miR-6715-3p	0	0	0	0	0	0	0	0	0	0	0	0
mmu-miR-3620-5p	0	0	0	0	0	0	0	0	0	0	0	0
mmu-miR-3620-3p	0	0	0	0	0	0	0	0	0	5.21	0	0
mmu-miR-465d-5p	0	0	0	0	0	0	0	0	0	0	0	0
mmu-miR-465d-3p	0	0	0	0	0	0	0	0	0	0	0	0
mmu-miR-7681-5p	0	0	0	0	0	0	0	0	0	0	0	0
mmu-miR-7681-3p	0	0	0	0	0	0	0	0	0	0	0	0
mmu-miR-7682-5p	0	0	0	0	0	0	0	0	0	0	0	0
mmu-miR-7682-3p	0	0	0	0	0	0	0	0	0	0	0	0
mmu-miR-7683-5p	0	0	0	0	0	0	0	0	0	0	0	0
mmu-miR-7683-3p	0	0	0	0	0	0	0	0	0	0	0	0
mmu-miR-216c-5p	0	0	0	0	0	0	0	0	0	0	0	0
mmu-miR-216c-3p	0	0	0	0	0	0	0	0	0	0	0	0
mmu-miR-7684-5p	0	0	0	0	0	0	0	0	0	0	0	0
mmu-miR-7684-3p	0	0	0	0	0	0	0	0	0	0	0	0
mmu-miR-219c-5p	0	6.61	0	0	0	5.12	6.35	5.05	5.72	6.79	0	0
mmu-miR-219c-3p	6.22	0	0	0	6.7	5.12	0	5.05	4.13	5.21	0	5.1
mmu-miR-126b-5p	14.98	15.14	14.81	15.34	15.53	15.23	15.33	15.24	15.27	15.13	15.21	15.06
mmu-miR-126b-3p	18	18.18	17.95	18.52	18.21	18.2	18.24	18.17	18.04	18.18	18.2	18.09
mmu-miR-7685-5p	0	0	0	0	0	0	0	0	0	0	0	0
mmu-miR-7685-3p	0	0	0	0	0	0	0	0	0	0	0	0
mmu-miR-7686-5p	0	0	0	0	0	0	0	0	0	0	0	0
mmu-miR-7686-3p	0	0	0	0	0	0	0	0	0	0	0	0
mmu-miR-290b-5p	0	0	0	0	0	0	0	0	0	0	0	0
mmu-miR-290b-3p	0	0	0	0	0	0	0	0	0	0	0	0
mmu-miR-7687-5p	0	0	0	0	0	3.61	0	0	0	0	0	0
mmu-miR-7687-3p	0	0	0	0	0	0	0	0	2.62	0	0	0
mmu-miR-1258-5p	0	0	0	0	0	0	0	0	0	0	0	0
mmu-miR-1258-3p	0	0	0	0	0	0	0	0	2.55	0	0	0
mmu-miR-7688-5p	0	6.54	0	7.68	0	2.73	4.7	5.99	5.07	5.14	0	0
mmu-miR-7688-3p	0	0	0	0	0	0	0	0	0	0	0	0
mmu-miR-7689-5p	0	0	0	0	0	0	0	0	0	0	0	0
mmu-miR-7689-3p	0	0	7.18	0	0	4.32	0	4.99	4.07	0	8.49	0
mmu-miR-7243-5p	0	0	0	0	0	2.94	0	0	2.69	0	0	0
mmu-miR-7243-3p	0	0	0	0	0	0	0	0	0	0	0	0
mmu-miR-3473f	0	0	0	0	0	0	0	0	2.69	0	0	0
mmu-miR-8090	0	0	0	0	0	0	0	0	0	0	0	0
mmu-miR-8091	0	0	0	0	0	0	0	0	0	0	0	0
mmu-miR-8092	0	0	0	0	0	0	0	0	0	0	0	0
mmu-miR-8093	0	0	0	0	0	0	0	0	0	0	0	0
mmu-miR-8094	0	0	0	0	0	2.87	0	0	0	0	0	0
mmu-miR-8095	0	0	0	0	0	0	0	0	0	0	0	0
mmu-miR-1291	0	0	0	0	6.45	4.87	4.51	4.8	4.88	0	0	0
mmu-miR-8096	0	0	0	0	0	0	0	0	0	0	0	0
mmu-miR-8097	0	0	0	0	0	0	0	0	0	0	0	0
mmu-miR-8098	0	0	0	0	0	2.87	4.84	0	0	0	0	0
mmu-miR-8099	0	0	0	0	0	0	0	0	0	0	0	0
mmu-miR-8099	0	0	0	0	0	0	0	0	0	0	0	0
mmu-miR-142b	9.17	8.75	7.4	8.89	8.84	9.4	9.3	10.06	8.76	8.67	8.71	9.49
mmu-miR-8100	0	0	0	0	0	0	0	0	0	0	0	0
mmu-miR-497b	0	0	0	0	0	3.67	0	0	4	5.08	0	0
mmu-miR-8101	0	0	0	0	0	0	0	0	0	0	0	0
mmu-miR-8102	0	0	0	0	0	0	0	0	0	0	0	0
mmu-miR-8103	6.29	0	0	7.81	0	5.19	4.84	0	5.94	0	0	7.49
mmu-miR-8104	0	0	0	0	0	0	0	0	0	0	0	0
mmu-miR-8105	0	0	0	0	0	2.8	0	0	2.55	0	0	0
mmu-miR-3535	9.78	8.94	8.59	8.49	8.03	8.72	9.16	9.19	9.07	7.76	8.31	10.13
mmu-miR-8106	0	0	0	0	0	0	0	0	0	0	0	0
mmu-miR-8107	0	0	0	0	0	0	0	0	0	0	0	0
mmu-miR-8108	0	0	0	0	0	0	0	0	0	0	0	0
mmu-miR-1668	0	0	0	0	0	0	0	0	2.62	0	0	0
mmu-miR-8109	0	0	0	0	0	0	0	0	0	0	0	0
mmu-miR-8110	0	0	0	0	0	0	0	0	0	0	0	0
mmu-miR-8111	7.88	6.68	7.32	7.81	9.35	8.08	8.54	8.29	8.48	8.28	8.63	7.75
mmu-miR-8112	6.37	0	0	0	0	4.53	4.91	0	3.69	0	0	0
mmu-miR-8113	0	0	0	0	0	0	0	0	0	0	0	0
mmu-miR-8114	0	6.68	8.32	0	6.77	4.87	6.84	7.12	5.79	5.28	0	6.17
mmu-miR-8115	0	0	0	0	0	0	0	0	0	0	0	0
mmu-miR-8116	0	0	0	0	0	2.87	0	0	0	0	0	0
mmu-miR-8117	0	6.68	0	0	0	2.87	4.84	0	0	0	0	0
mmu-miR-8118	0	0	0	0	0	0	0	0	2.55	0	0	0
mmu-miR-8119	0	0	0	0	0	0	0	0	0	0	0	0
mmu-miR-8120	0	0	0	0	0	2.8	0	0	0	0	0	0
mmu-miR-3473g	7.37	0	0	0	0	2.94	5.91	5.2	0	0	0	0
